4.0 16.5821442095 0.5216220622951612
12.0 37.6087112879 1.7989501392174099
20.0 40.4755388044 3.2789703748232015
28.0 38.1130882882 6.913404435609509
36.0 34.3310395077 8.060937152052894
44.0 28.3650190657 8.563410352965267
52.0 25.5273102093 6.5800231405047125
60.0 24.6470009602 12.440104311717407
68.0 40.0138642419 13.25728628726073
76.0 30.3121150809 13.409948070078793
84.0 19.0629029619 13.410318528909716
92.0 -0.334844319849 12.194326706332099
100.0 9.27472388583 17.076757733503523
108.0 -4.26377121014 17.654923904663832
116.0 -12.9993835812 23.203784766152012
124.0 -4.48711979019 32.45870520199164
132.0 -22.6094431486 25.956998390898026
140.0 -8.08522694888 34.09213086906104
148.0 -46.1666046599 36.4936413970583
156.0 -28.4382755465 36.58925154955526
164.0 -4.41829339591 34.99121232466638
172.0 -5.35977181963 38.13215837643035
180.0 24.6369663374 39.57195822620734
188.0 21.8102283616 29.689121408489477
196.0 29.5981171973 36.28348312478953
204.0 9.01018645864 34.43947181482734
212.0 0.49007502157 40.14632611634506
220.0 -39.5885667025 31.498738156712307
228.0 -48.1178854373 27.534954289409733
236.0 -12.5808749254 43.56565825109913
244.0 -18.8998761696 44.421942215987904
