4.0 17.0299485058 0.5463241939393039
12.0 37.7882538841 1.5255251048585554
20.0 42.3176922289 2.8901918187870854
28.0 43.7821098372 5.859386042549239
36.0 40.6518761596 7.378554169771292
44.0 37.6209874513 8.944865155530996
52.0 38.8750638627 8.84489475575694
60.0 37.280916843 13.49279961931258
68.0 53.2399147194 15.380231413876386
76.0 47.2026492538 19.45667628422605
84.0 36.7828440202 17.946387975330126
92.0 44.4416837021 19.241206764965412
100.0 29.6173632506 20.488547673648736
108.0 41.9174998259 28.35847287960032
116.0 47.090999126 24.48929317406403
124.0 38.6806414089 25.460929420724433
132.0 20.54489619 32.18729537043342
140.0 48.4406611662 34.614052949472146
148.0 -2.70598034911 39.512206530814645
156.0 36.2331568135 51.00420511565166
164.0 46.7800852207 53.30103660916669
172.0 55.7232513409 57.90702324002311
180.0 75.6818958023 68.10702321213815
188.0 83.7374400551 57.945636964155355
196.0 103.311805765 49.63311888918636
204.0 125.259376066 61.57060739355501
212.0 101.018195349 71.99333117874183
220.0 32.7424435034 78.8080758716256
228.0 28.03564345 78.40557541397705
236.0 26.9083094453 65.13641439331346
244.0 56.2830510654 92.42319847550252
