4.0 17.104192128 0.646973574955765
12.0 40.6081592933 1.8887444031325868
20.0 45.6915952489 3.905492998693693
28.0 40.340082948 7.071017405006744
36.0 48.3696487148 12.956213397577706
44.0 34.4650411705 14.45011587258352
52.0 45.3427330131 13.080382895696658
60.0 42.3204754106 18.23218162353585
68.0 47.8211509804 22.06461139803159
76.0 60.664915883 20.763580450779642
84.0 54.5085282447 25.98003057007582
92.0 46.8358387715 17.017077501982513
100.0 36.027441844 26.491070754961815
108.0 22.5858966204 21.855705093122058
116.0 30.6941800698 39.57733194853493
124.0 38.5998604218 34.656410321542616
132.0 31.0777455223 42.190256883116604
140.0 50.4970881212 49.02983466751804
148.0 9.00565280392 55.48433275199509
156.0 -37.4632862708 55.67568051634072
164.0 6.92930344323 49.89484169938331
172.0 3.70293095655 39.1241834358484
180.0 -28.0358012464 46.51017780341137
188.0 -32.4951924111 49.94042956539638
196.0 -16.0656334459 53.37488094029466
204.0 13.693752812 58.254932285379944
212.0 -26.5900109675 68.79196703462611
220.0 -151.041065493 51.67876629243518
228.0 -134.10736927 57.02340625695347
236.0 -87.6692791881 70.6458717496067
244.0 -130.863030305 80.07188033808521
