4.0 17.4148620557 0.5699064207904466
12.0 38.9579828729 1.4574363690918704
20.0 42.5788582607 2.772302580753731
28.0 43.8573447134 6.391849412020073
36.0 40.7133370631 8.24599248797242
44.0 36.9407461238 10.424312761505705
52.0 36.1195233312 9.29440832014534
60.0 32.845409585 13.735597465465284
68.0 47.4485477616 15.79192181454514
76.0 38.9717334317 16.24757004964067
84.0 21.6549565142 13.766057254929807
92.0 24.967446576 14.113709123711548
100.0 9.10393838511 15.556134550575901
108.0 16.878909712 19.23871487155151
116.0 19.0601064489 23.66147651951839
124.0 8.12873486397 28.67768750682631
132.0 -18.2750878331 27.636161643783094
140.0 6.64589047673 36.343634969716604
148.0 -51.431497121 33.38713905097803
156.0 -17.5062132561 43.06179466902752
164.0 -25.6572792132 41.69473613580603
172.0 -23.7896121368 47.46554702169147
180.0 -16.2866904259 55.57268738554796
188.0 -17.4537046443 42.16976975648281
196.0 -1.50931806127 38.91037123356475
204.0 9.35947301412 45.45942191348169
212.0 -14.3107939751 44.880994715205745
220.0 -85.0865113443 46.853944799205
228.0 -86.484506814 47.01848043492453
236.0 -94.3652909819 46.609310517977406
244.0 -61.4611241884 70.39981745390749
