4.0 16.9931601881 0.5383600521798072
12.0 37.4225723815 1.6331065752316876
20.0 40.9181279661 3.1531315313190014
28.0 41.5061163836 6.610478815849968
36.0 37.1367130054 8.385515652426035
44.0 33.2814531796 9.422750247367581
52.0 31.6984206193 8.534673833800353
60.0 27.9622439304 13.304485635630586
68.0 41.2677436715 15.712999898438353
76.0 33.1106814718 16.84109316068013
84.0 19.759632766 13.848192079007315
92.0 23.7080082302 13.911609256526528
100.0 4.82239837747 17.24349381075034
108.0 13.4960997129 22.86493639161845
116.0 13.1278582865 26.702327537725523
124.0 2.27470985207 31.75950946841944
132.0 -22.6350479922 28.85438223284648
140.0 0.0420837246363 36.71911151376129
148.0 -55.7312197063 35.1289647829919
156.0 -19.820439701 40.46047269047346
164.0 -16.9598936464 36.23208882216604
172.0 -16.6814059868 42.34683076969938
180.0 1.59709058588 50.73919038842334
188.0 4.15763626111 35.860041824171915
196.0 21.1046036113 35.68131917199692
204.0 40.4176909653 39.34007346890246
212.0 16.161455296 44.25637860538545
220.0 -58.5199669816 47.92231146404203
228.0 -65.3419157627 44.09492058420561
236.0 -68.631668397 48.7198833981609
244.0 -46.7119325608 71.41778418980023
