4.0 16.6854743946 0.7287986007232249
12.0 36.9517430067 2.0213197238014455
20.0 41.5802922398 3.8913758923831816
28.0 44.496491392 7.768175279389444
36.0 46.7026133333 6.783716511899539
44.0 39.1177919258 13.701825605175511
52.0 42.1294450398 10.227591387027797
60.0 36.0995809338 18.093985981913885
68.0 56.8232574741 22.63762408657002
76.0 53.6867408063 16.283881138582164
84.0 66.988716162 24.64339020096406
92.0 58.4701136042 25.675706004645942
100.0 57.0609189566 31.33978822121378
108.0 29.7566949733 26.05985940707903
116.0 45.6716263676 42.986629635076326
124.0 44.5995699653 56.50072851851131
132.0 59.7464386332 40.91985826814808
140.0 55.4142821856 45.332501195439995
148.0 14.6238549535 50.957994455832825
156.0 23.4070912669 49.66117754897684
164.0 64.9811225803 49.50210846210196
172.0 44.8092028104 60.693602757346845
180.0 43.467365942 42.16664660837307
188.0 43.2554586354 57.13508998702998
196.0 80.8694481143 64.19955463711773
204.0 58.7297454283 53.33470652006917
212.0 -4.91169806663 62.321226591612266
220.0 -23.902248151 57.11840062575351
228.0 -45.1348360549 46.45219835315265
236.0 -64.0600130618 60.60189958877742
244.0 -65.3961171042 52.7552799729524
