5328244.545186 0.000000 0.000000 0 0
4078811.195818 0.000000 0.000000 17 17
4424054.423111 0.000000 0.000000 3 3
4461590.938186 0.000000 0.000000 13 13
4675252.584495 0.000000 0.000000 18 18
4893410.921446 0.000000 0.000000 2 2
4679602.729878 0.000000 0.000000 16 16
5287461.935283 0.000000 0.000000 19 19
4191004.283472 0.000000 0.000000 11 11
5048225.181836 0.000000 0.000000 10 10
4669212.256020 0.000000 0.000000 9 9
4887944.226851 0.000000 0.000000 1 1
5209764.157904 0.000000 0.000000 5 5
5163431.502238 0.000000 0.000000 6 6
4698467.010467 0.000000 0.000000 14 14
5325278.295476 0.000000 0.000000 8 8
4604678.100458 0.000000 0.000000 15 15
4944955.923703 0.000000 0.000000 12 12
5358114.846548 0.000000 0.000000 7 7
5773225.851187 0.000000 0.000000 4 4
0.000000 0.000000 3676116.000000 2 2
0.000000 0.000000 3632860.000000 4 4
0.000000 0.000000 3619395.000000 0 0
0.000000 0.000000 3665278.000000 1 1
0.000000 0.000000 3703281.000000 5 5
0.000000 0.000000 3665278.000000 3 3
0.000000 0.000000 3616705.000000 7 7
0.000000 0.000000 3640951.000000 9 9
0.000000 0.000000 3662571.000000 11 11
0.000000 0.000000 3597903.000000 13 13
0.000000 8786442.501668 0.000000 0 0
0.000000 0.000000 3622086.000000 10 10
0.000000 0.000000 3635556.000000 14 14
0.000000 8841949.570623 0.000000 0 1
0.000000 0.000000 3662571.000000 19 19
0.000000 0.000000 3557778.000000 17 17
0.000000 0.000000 3714175.000000 12 12
0.000000 0.000000 3611328.000000 18 18
0.000000 0.000000 3665278.000000 8 8
0.000000 0.000000 3654456.000000 15 15
0.000000 8855010.057431 0.000000 0 2
0.000000 0.000000 3638253.000000 6 6
0.000000 0.000000 3689686.000000 16 16
0.000000 8789707.623371 0.000000 0 10
0.000000 8812563.475300 0.000000 0 9
0.000000 8783177.379964 0.000000 0 7
0.000000 8809298.353595 0.000000 0 6
0.000000 8802768.110188 0.000000 0 4
0.000000 8841949.570623 0.000000 0 8
0.000000 8887661.274453 0.000000 0 5
0.000000 8841949.570623 0.000000 0 3
0.000000 8760321.528053 0.000000 0 13
0.000000 8806033.231891 0.000000 0 14
0.000000 8838684.448921 0.000000 0 11
0.000000 8871335.665934 0.000000 0 16
0.000000 8828889.083816 0.000000 0 15
0.000000 8900721.761265 0.000000 0 12
0.000000 8456142.638093 0.000000 1 15
0.000000 8838684.448921 0.000000 0 19
0.000000 8524942.615186 0.000000 1 12
0.000000 8440506.279664 0.000000 1 9
0.000000 8390469.932692 0.000000 1 13
0.000000 8465524.453153 0.000000 1 11
0.000000 8418615.377872 0.000000 1 10
0.000000 8481160.811588 0.000000 1 2
0.000000 8412360.834503 0.000000 1 7
0.000000 8776647.136561 0.000000 0 18
0.000000 8711344.702528 0.000000 0 17
0.000000 8512433.528448 0.000000 1 5
0.000000 8434251.736290 0.000000 1 14
0.000000 8468651.724839 0.000000 1 8
0.000000 8437379.007976 0.000000 1 6
0.000000 8431124.464608 0.000000 1 4
0.000000 8468651.724839 0.000000 1 1
0.000000 8415488.106189 0.000000 1 0
0.000000 8468651.724839 0.000000 1 3
0.000000 8343560.857411 0.000000 1 17
0.000000 8406106.291128 0.000000 1 18
0.000000 8420274.716090 0.000000 2 0
0.000000 8473468.573461 0.000000 2 1
0.000000 8465524.453153 0.000000 1 19
0.000000 8496797.170019 0.000000 1 16
0.000000 8485984.775187 0.000000 2 2
0.000000 8395242.312629 0.000000 2 13
0.000000 8439049.018688 0.000000 2 14
0.000000 8435919.968255 0.000000 2 4
0.000000 8056859.039535 0.000000 3 1
0.000000 8442178.069121 0.000000 2 6
0.000000 8445307.119555 0.000000 2 9
0.000000 8021156.562259 0.000000 3 4
0.000000 8473468.573461 0.000000 2 8
0.000000 8460952.371727 0.000000 2 15
0.000000 8417145.665656 0.000000 2 7
0.000000 8473468.573461 0.000000 2 3
0.000000 8423403.766521 0.000000 2 10
0.000000 8006280.530059 0.000000 3 0
0.000000 8517275.279518 0.000000 2 5
0.000000 8068759.865296 0.000000 3 2
0.000000 8348306.556133 0.000000 2 17
0.000000 8098511.929696 0.000000 3 5
0.000000 8410887.564789 0.000000 2 18
0.000000 8027106.975139 0.000000 3 6
0.000000 8470339.523029 0.000000 2 11
0.000000 8529791.481246 0.000000 2 12
0.000000 8501630.027352 0.000000 2 16
0.000000 8470339.523029 0.000000 2 19
0.000000 8056859.039535 0.000000 3 3
0.000000 8003305.323619 0.000000 3 7
0.000000 8056859.039535 0.000000 3 8
0.000000 8110412.755454 0.000000 3 12
0.000000 8024131.768699 0.000000 3 14
0.000000 9200011.227054 0.000000 4 11
0.000000 8083635.897496 0.000000 3 16
0.000000 9217004.228952 0.000000 4 2
0.000000 8009255.736499 0.000000 3 10
0.000000 9250990.232732 0.000000 4 5
0.000000 9145633.620970 0.000000 4 0
0.000000 8053883.833095 0.000000 3 11
0.000000 7997354.910739 0.000000 3 18
0.000000 7937850.781940 0.000000 3 17
0.000000 8053883.833095 0.000000 3 19
0.000000 8030082.181578 0.000000 3 9
0.000000 9172822.424013 0.000000 4 9
0.000000 7982478.878539 0.000000 3 13
0.000000 8044958.213777 0.000000 3 15
0.000000 9162626.622874 0.000000 4 4
0.000000 9203409.827435 0.000000 4 8
0.000000 9203409.827435 0.000000 4 1
0.000000 9142235.020588 0.000000 4 7
0.000000 9149032.221352 0.000000 4 10
0.000000 9264584.634253 0.000000 4 12
0.000000 9169423.823635 0.000000 4 6
0.000000 9203409.827435 0.000000 4 3
0.000000 9118444.817936 0.000000 4 13
0.000000 9135437.819828 0.000000 4 18
0.000000 9200011.227054 0.000000 4 19
0.000000 9233997.230839 0.000000 4 16
0.000000 9189815.425914 0.000000 4 15
0.000000 8742964.411138 0.000000 5 1
0.000000 8688078.740891 0.000000 5 0
0.000000 9166025.223253 0.000000 4 14
0.000000 9067465.812265 0.000000 4 17
0.000000 8613821.657638 0.000000 5 17
0.000000 8730050.135785 0.000000 5 15
0.000000 8707450.153918 0.000000 5 14
0.000000 8739735.842301 0.000000 5 11
0.000000 8742964.411138 0.000000 5 8
0.000000 8801078.650208 0.000000 5 12
0.000000 8684850.172053 0.000000 5 7
0.000000 8742964.411138 0.000000 5 3
0.000000 8678393.034377 0.000000 5 18
0.000000 8662250.190192 0.000000 5 13
0.000000 8691307.309728 0.000000 5 10
0.000000 8713907.291598 0.000000 5 9
0.000000 8772021.530670 0.000000 5 16
0.000000 8788164.374855 0.000000 5 5
0.000000 8704221.585078 0.000000 5 4
0.000000 8710678.722758 0.000000 5 6
0.000000 8755878.686490 0.000000 5 2
0.000000 8652586.425185 0.000000 6 10
0.000000 8704013.387574 0.000000 6 8
0.000000 8639729.684582 0.000000 6 18
0.000000 8691156.646983 0.000000 6 15
0.000000 8704013.387574 0.000000 6 1
0.000000 8704013.387574 0.000000 6 3
0.000000 8810794.203636 0.000000 7 0
0.000000 8700799.202425 0.000000 6 11
0.000000 8665443.165786 0.000000 6 4
0.000000 8732941.053932 0.000000 6 16
0.000000 8575445.981580 0.000000 6 17
0.000000 8623658.758827 0.000000 6 13
0.000000 8879551.794977 0.000000 7 2
0.000000 8668657.350934 0.000000 6 14
0.000000 8675085.721236 0.000000 6 9
0.000000 8739735.842301 0.000000 5 19
0.000000 8671871.536084 0.000000 6 6
0.000000 8649372.240036 0.000000 6 0
0.000000 8700799.202425 0.000000 6 19
0.000000 8866455.110909 0.000000 7 1
0.000000 8866455.110909 0.000000 7 3
0.000000 8646158.054887 0.000000 6 7
0.000000 8749011.979687 0.000000 6 5
0.000000 8761868.720294 0.000000 6 12
0.000000 8716870.128178 0.000000 6 2
0.000000 8836987.571765 0.000000 7 9
0.000000 8852415.629505 0.000000 8 2
0.000000 8806717.318739 0.000000 8 6
0.000000 8830439.229735 0.000000 7 14
0.000000 8863180.939891 0.000000 7 19
0.000000 8839358.969287 0.000000 8 3
0.000000 8866455.110909 0.000000 7 8
0.000000 8780603.998299 0.000000 8 7
0.000000 8800971.690592 0.000000 7 18
0.000000 8807520.032621 0.000000 7 7
0.000000 8827165.058719 0.000000 7 4
0.000000 8839358.969287 0.000000 8 8
0.000000 8800188.988629 0.000000 8 4
0.000000 8735488.270277 0.000000 7 17
0.000000 8839358.969287 0.000000 8 1
0.000000 8885057.280049 0.000000 8 5
0.000000 8895922.650059 0.000000 7 16
0.000000 8853358.426845 0.000000 7 15
0.000000 8814068.374652 0.000000 7 10
0.000000 8783868.163354 0.000000 8 0
0.000000 8863180.939891 0.000000 7 11
0.000000 8833713.400752 0.000000 7 6
0.000000 8784600.835509 0.000000 7 13
0.000000 8925390.189194 0.000000 7 12
0.000000 8912293.505136 0.000000 7 5
0.000000 8809981.483794 0.000000 8 9
0.000000 8836094.804231 0.000000 8 19
0.000000 8708792.367090 0.000000 8 17
0.000000 8787132.328410 0.000000 8 10
0.000000 8289265.703637 0.000000 9 2
0.000000 8246474.509002 0.000000 9 6
0.000000 8225078.911686 0.000000 9 0
0.000000 8898113.940262 0.000000 8 12
0.000000 8826302.309066 0.000000 8 15
0.000000 8836094.804231 0.000000 8 11
0.000000 8803453.153684 0.000000 8 14
0.000000 8240361.481196 0.000000 9 4
0.000000 8774075.668188 0.000000 8 18
0.000000 8228135.425588 0.000000 9 10
0.000000 8200626.800465 0.000000 9 13
0.000000 8319830.842662 0.000000 9 5
0.000000 8273983.134123 0.000000 9 11
0.000000 8277039.648026 0.000000 9 1
0.000000 8222022.397783 0.000000 9 7
0.000000 8249531.022905 0.000000 9 9
0.000000 8277039.648026 0.000000 9 3
0.000000 8332056.898274 0.000000 9 12
0.000000 8277039.648026 0.000000 9 8
0.000000 8868736.454774 0.000000 8 16
0.000000 8757754.842913 0.000000 8 13
0.000000 8243417.995099 0.000000 9 14
0.000000 8304548.273150 0.000000 9 16
0.000000 8215909.369977 0.000000 9 18
0.000000 8154779.091925 0.000000 9 17
0.000000 8264813.592416 0.000000 9 15
0.000000 8593579.243821 0.000000 10 15
0.000000 8568154.453160 0.000000 10 4
0.000000 8479167.685853 0.000000 10 17
0.000000 8619004.034484 0.000000 10 2
0.000000 8603113.540318 0.000000 10 11
0.000000 8663497.418156 0.000000 10 12
0.000000 8634894.528651 0.000000 10 16
0.000000 8549085.860166 0.000000 10 7
0.000000 8555442.057832 0.000000 10 10
0.000000 8526839.168338 0.000000 10 13
0.000000 8571332.551993 0.000000 10 14
0.000000 8603113.540318 0.000000 10 19
0.000000 8552263.958999 0.000000 10 0
0.000000 8273983.134123 0.000000 9 19
0.000000 8606291.639152 0.000000 10 3
0.000000 8574510.650824 0.000000 10 6
0.000000 8577688.749657 0.000000 10 9
0.000000 8606291.639152 0.000000 10 1
0.000000 8542729.662499 0.000000 10 18
0.000000 8606291.639152 0.000000 10 8
0.000000 8650785.022821 0.000000 10 5
0.000000 7792648.358886 0.000000 11 0
0.000000 7841877.278285 0.000000 11 1
0.000000 7853460.553436 0.000000 11 2
0.000000 7841877.278285 0.000000 11 3
0.000000 7789752.540098 0.000000 11 7
0.000000 7807127.452825 0.000000 11 4
0.000000 7841877.278285 0.000000 11 8
0.000000 7812919.090400 0.000000 11 6
0.000000 7882418.741318 0.000000 11 5
0.000000 7838981.459496 0.000000 11 11
0.000000 8517892.318944 0.000000 12 3
0.000000 8486437.768282 0.000000 12 6
0.000000 7795544.177674 0.000000 11 10
0.000000 8461274.127760 0.000000 12 7
0.000000 8517892.318944 0.000000 12 8
0.000000 7894002.016472 0.000000 11 12
0.000000 8480146.858151 0.000000 12 4
0.000000 8530474.139209 0.000000 12 2
0.000000 7783960.902521 0.000000 11 18
0.000000 7810023.271612 0.000000 11 14
0.000000 8464419.582824 0.000000 12 0
0.000000 7838981.459496 0.000000 11 19
0.000000 7769481.808582 0.000000 11 13
0.000000 7726044.526762 0.000000 11 17
0.000000 7830294.003131 0.000000 11 15
0.000000 7867939.647378 0.000000 11 16
0.000000 7815814.909189 0.000000 11 9
0.000000 8561928.689869 0.000000 12 5
0.000000 8517892.318944 0.000000 12 1
0.000000 8489583.223348 0.000000 12 9
0.000000 8467565.037889 0.000000 12 10
0.000000 8439255.942300 0.000000 12 13
0.000000 8514746.863875 0.000000 12 11
0.000000 8574510.510130 0.000000 12 12
0.000000 8546201.414536 0.000000 12 16
0.000000 8392074.116313 0.000000 12 17
0.000000 8505310.498674 0.000000 12 15
0.000000 8483292.313217 0.000000 12 14
0.000000 8055098.757921 0.000000 13 4
0.000000 7971440.462218 0.000000 13 17
0.000000 8016257.406344 0.000000 13 13
0.000000 8037171.980268 0.000000 13 7
0.000000 8132781.461075 0.000000 13 5
0.000000 8087964.516947 0.000000 13 11
0.000000 8117842.479698 0.000000 13 16
0.000000 8090952.313223 0.000000 13 3
0.000000 8058086.554196 0.000000 13 14
0.000000 8102903.498321 0.000000 13 2
0.000000 8043147.572820 0.000000 13 10
0.000000 8031196.387717 0.000000 13 18
0.000000 8061074.350471 0.000000 13 6
0.000000 8040159.776544 0.000000 13 0
0.000000 8514746.863875 0.000000 12 19
0.000000 8090952.313223 0.000000 13 1
0.000000 8090952.313223 0.000000 13 8
0.000000 8144732.646176 0.000000 13 12
0.000000 8454983.217628 0.000000 12 18
0.000000 8064062.146747 0.000000 13 9
0.000000 8079001.128122 0.000000 13 15
0.000000 8315243.219395 0.000000 14 2
0.000000 8087964.516947 0.000000 13 19
0.000000 8250855.274111 0.000000 14 0
0.000000 8302978.848864 0.000000 14 1
0.000000 8302978.848864 0.000000 14 3
0.000000 8266185.737273 0.000000 14 4
0.000000 8247789.181480 0.000000 14 7
0.000000 8272317.922538 0.000000 14 6
0.000000 8345904.145722 0.000000 14 5
0.000000 8269251.829905 0.000000 14 14
0.000000 8180335.143569 0.000000 14 17
0.000000 8358168.516253 0.000000 14 12
0.000000 8262120.414074 0.000000 15 5
0.000000 8299912.756231 0.000000 14 19
0.000000 8253921.366744 0.000000 14 10
0.000000 8302978.848864 0.000000 14 8
0.000000 8241656.996215 0.000000 14 18
0.000000 8299912.756231 0.000000 14 11
0.000000 8330573.682558 0.000000 14 16
0.000000 8183202.291093 0.000000 15 4
0.000000 8219626.040162 0.000000 15 3
0.000000 8168025.728981 0.000000 15 0
0.000000 8275384.015172 0.000000 14 9
0.000000 8164990.416559 0.000000 15 7
0.000000 8219626.040162 0.000000 15 1
0.000000 8189272.915937 0.000000 15 6
0.000000 8231767.289852 0.000000 15 2
0.000000 8290714.478334 0.000000 14 15
0.000000 8226326.533052 0.000000 14 13
0.000000 8192308.228359 0.000000 15 9
0.000000 8219626.040162 0.000000 15 8
0.000000 8274261.663763 0.000000 15 12
0.000000 8171061.041403 0.000000 15 10
0.000000 8216590.727739 0.000000 15 11
0.000000 8186237.603515 0.000000 15 14
0.000000 8286278.451438 0.000000 16 1
0.000000 8143743.229603 0.000000 15 13
0.000000 8158919.791714 0.000000 15 18
0.000000 8098213.543259 0.000000 15 17
0.000000 8207484.790472 0.000000 15 15
0.000000 8216590.727739 0.000000 15 19
0.000000 8246943.851963 0.000000 15 16
0.000000 8234259.716703 0.000000 16 0
0.000000 8286278.451438 0.000000 16 3
0.000000 8237319.642275 0.000000 16 10
0.000000 8286278.451438 0.000000 16 8
0.000000 8209780.312121 0.000000 16 13
0.000000 8252619.270138 0.000000 16 14
0.000000 8163881.428533 0.000000 16 17
0.000000 8313817.781589 0.000000 16 16
0.000000 8274038.749148 0.000000 16 15
0.000000 8249559.344566 0.000000 16 4
0.000000 8258739.121284 0.000000 16 9
0.000000 8255679.195711 0.000000 16 6
0.000000 8329117.409454 0.000000 16 5
0.000000 8298518.153726 0.000000 16 2
0.000000 8231199.791130 0.000000 16 7
0.000000 8283218.525865 0.000000 16 11
0.000000 8341357.111748 0.000000 16 12
0.000000 7701960.911999 0.000000 17 4
0.000000 7707674.532853 0.000000 17 6
0.000000 7736242.637127 0.000000 17 1
0.000000 7687676.859863 0.000000 17 0
0.000000 7747669.878837 0.000000 17 2
0.000000 7736242.637127 0.000000 17 3
0.000000 7776237.983108 0.000000 17 5
0.000000 8283218.525865 0.000000 16 19
0.000000 8225079.939984 0.000000 16 18
0.000000 7684820.049436 0.000000 17 7
0.000000 7690533.670290 0.000000 17 10
0.000000 7736242.637127 0.000000 17 8
0.000000 7710531.343280 0.000000 17 9
0.000000 7733385.826700 0.000000 17 11
0.000000 7664822.376444 0.000000 17 13
0.000000 7704817.722426 0.000000 17 14
0.000000 7787665.224818 0.000000 17 12
0.000000 7724815.395417 0.000000 17 15
0.000000 7761953.930973 0.000000 17 16
0.000000 8230348.569541 0.000000 18 0
0.000000 7679106.428581 0.000000 17 18
0.000000 8294576.484801 0.000000 18 2
0.000000 8282342.596179 0.000000 18 8
0.000000 8251757.874627 0.000000 18 6
0.000000 8282342.596179 0.000000 18 1
0.000000 8227290.097386 0.000000 18 7
0.000000 8325161.206353 0.000000 18 5
0.000000 8282342.596179 0.000000 18 3
0.000000 7621970.220035 0.000000 17 17
0.000000 8254816.346782 0.000000 18 9
0.000000 7733385.826700 0.000000 17 19
0.000000 8233407.041696 0.000000 18 10
0.000000 8279284.124024 0.000000 18 11
0.000000 8245640.930317 0.000000 18 4
0.000000 8752696.041773 0.000000 19 0
0.000000 8807989.922389 0.000000 19 1
0.000000 8205880.792299 0.000000 18 13
0.000000 8337395.094973 0.000000 18 12
0.000000 8248699.402472 0.000000 18 14
0.000000 8160003.709971 0.000000 18 17
0.000000 8270108.707557 0.000000 18 15
0.000000 8221173.153075 0.000000 18 18
0.000000 8309868.845578 0.000000 18 16
0.000000 8279284.124024 0.000000 18 19
0.000000 8807989.922389 0.000000 19 3
0.000000 8778716.691477 0.000000 19 9
0.000000 8804737.341178 0.000000 19 11
0.000000 8726675.392084 0.000000 19 13
0.000000 8821000.247236 0.000000 19 2
0.000000 8749443.460561 0.000000 19 7
0.000000 8794979.597537 0.000000 19 15
0.000000 8768958.947841 0.000000 19 4
0.000000 8807989.922389 0.000000 19 8
0.000000 8755948.622987 0.000000 19 10
0.000000 8775464.110265 0.000000 19 6
0.000000 8772211.529053 0.000000 19 14
0.000000 8853526.059356 0.000000 19 5
0.000000 8866536.384199 0.000000 19 12
0.000000 8837263.153297 0.000000 19 16
0.000000 8677886.673900 0.000000 19 17
0.000000 0.000000 7297992.000000 0 2
0.000000 8742938.298140 0.000000 19 18
0.000000 8804737.341178 0.000000 19 19
0.000000 0.000000 7287228.000000 0 1
0.000000 0.000000 7287228.000000 0 3
0.000000 0.000000 7244172.000000 0 10
0.000000 0.000000 7219953.000000 0 13
0.000000 0.000000 7287228.000000 0 8
0.000000 0.000000 7257627.000000 0 14
0.000000 0.000000 7324902.000000 0 5
0.000000 0.000000 7233408.000000 0 18
0.000000 0.000000 7260318.000000 0 6
0.000000 0.000000 7284537.000000 0 19
0.000000 0.000000 7284537.000000 0 11
0.000000 0.000000 7238790.000000 0 7
0.000000 0.000000 7311447.000000 0 16
0.000000 0.000000 7276464.000000 0 15
0.000000 0.000000 7335666.000000 0 12
0.000000 0.000000 7254936.000000 0 4
0.000000 0.000000 7179588.000000 0 17
0.000000 0.000000 7263009.000000 0 9
0.000000 0.000000 7308892.000000 1 9
0.000000 0.000000 7333264.000000 1 8
0.000000 0.000000 7284520.000000 1 7
0.000000 0.000000 7344096.000000 1 2
0.000000 0.000000 7306184.000000 1 6
0.000000 0.000000 7333264.000000 1 3
0.000000 0.000000 7300768.000000 1 4
0.000000 0.000000 7371176.000000 1 5
0.000000 0.000000 7279104.000000 1 18
0.000000 0.000000 7330556.000000 1 19
0.000000 0.000000 7316976.000000 2 6
0.000000 0.000000 7311552.000000 2 4
0.000000 0.000000 7344096.000000 2 3
0.000000 0.000000 7382064.000000 2 5
0.000000 0.000000 7322432.000000 1 15
0.000000 0.000000 7357636.000000 1 16
0.000000 0.000000 7330556.000000 1 11
0.000000 0.000000 7289936.000000 1 10
0.000000 0.000000 7295280.000000 2 7
0.000000 0.000000 7224944.000000 1 17
0.000000 0.000000 7265564.000000 1 13
0.000000 0.000000 7303476.000000 1 14
0.000000 0.000000 7382008.000000 1 12
0.000000 0.000000 7314264.000000 2 14
0.000000 0.000000 7276296.000000 2 13
0.000000 0.000000 7392912.000000 2 12
0.000000 0.000000 7300704.000000 2 10
0.000000 0.000000 7235616.000000 2 17
0.000000 0.000000 7333248.000000 2 15
0.000000 0.000000 7368504.000000 2 16
0.000000 0.000000 7341384.000000 2 11
0.000000 0.000000 7319688.000000 2 9
0.000000 0.000000 7344096.000000 2 8
0.000000 0.000000 7289856.000000 2 18
0.000000 0.000000 7341384.000000 2 19
0.000000 0.000000 7300768.000000 3 4
0.000000 0.000000 7306184.000000 3 6
0.000000 0.000000 7371176.000000 3 5
0.000000 0.000000 7333264.000000 3 8
0.000000 0.000000 7284520.000000 3 7
0.000000 0.000000 7289936.000000 3 10
0.000000 0.000000 7308892.000000 3 9
0.000000 0.000000 7330556.000000 3 11
0.000000 0.000000 7303476.000000 3 14
0.000000 0.000000 7357636.000000 3 16
0.000000 0.000000 7300768.000000 4 8
0.000000 0.000000 7252240.000000 4 7
0.000000 0.000000 7330556.000000 3 19
0.000000 0.000000 7273808.000000 4 6
0.000000 0.000000 7257632.000000 4 10
0.000000 0.000000 7322432.000000 3 15
0.000000 0.000000 7276504.000000 4 9
0.000000 0.000000 7265564.000000 3 13
0.000000 0.000000 7279104.000000 3 18
0.000000 0.000000 7338512.000000 4 5
0.000000 0.000000 7382008.000000 3 12
0.000000 0.000000 7298072.000000 4 11
0.000000 0.000000 7224944.000000 3 17
0.000000 0.000000 7192928.000000 4 17
0.000000 0.000000 7325032.000000 4 16
0.000000 0.000000 7246848.000000 4 18
0.000000 0.000000 7289984.000000 4 15
0.000000 0.000000 7271112.000000 4 14
0.000000 0.000000 7233368.000000 4 13
0.000000 0.000000 7298072.000000 4 19
0.000000 0.000000 7349296.000000 4 12
0.000000 0.000000 7343956.000000 5 6
0.000000 0.000000 7371176.000000 5 8
0.000000 0.000000 7346678.000000 5 9
0.000000 0.000000 7368454.000000 5 11
0.000000 0.000000 7420172.000000 5 12
0.000000 0.000000 7327624.000000 5 10
0.000000 0.000000 7360288.000000 5 15
0.000000 0.000000 7322180.000000 5 7
0.000000 0.000000 7341234.000000 5 14
0.000000 0.000000 7303126.000000 5 13
0.000000 0.000000 7217270.000000 7 13
0.000000 0.000000 7257620.000000 6 7
0.000000 0.000000 7241480.000000 7 10
0.000000 0.000000 7273760.000000 7 15
0.000000 0.000000 7238734.000000 6 13
0.000000 0.000000 7263016.000000 6 10
0.000000 0.000000 7354748.000000 6 12
0.000000 0.000000 7281902.000000 6 9
0.000000 0.000000 7281830.000000 7 11
0.000000 0.000000 7303486.000000 6 19
0.000000 0.000000 7330466.000000 6 16
0.000000 0.000000 7276506.000000 6 14
0.000000 0.000000 7252224.000000 6 18
0.000000 0.000000 7332940.000000 7 12
0.000000 0.000000 7306184.000000 6 8
0.000000 0.000000 7303486.000000 6 11
0.000000 0.000000 7316736.000000 5 18
0.000000 0.000000 7284520.000000 7 8
0.000000 0.000000 7254930.000000 7 14
0.000000 0.000000 7262296.000000 5 17
0.000000 0.000000 7368454.000000 5 19
0.000000 0.000000 7295392.000000 6 15
0.000000 0.000000 7395674.000000 5 16
0.000000 0.000000 7260310.000000 7 9
0.000000 0.000000 7198264.000000 6 17
0.000000 0.000000 7176920.000000 7 17
0.000000 0.000000 7308730.000000 7 16
0.000000 0.000000 7281830.000000 7 19
0.000000 0.000000 7382008.000000 8 12
0.000000 0.000000 7308892.000000 8 9
0.000000 0.000000 7230720.000000 7 18
0.000000 0.000000 7330556.000000 8 11
0.000000 0.000000 7289936.000000 8 10
0.000000 0.000000 7298096.000000 9 15
0.000000 0.000000 7254912.000000 9 18
0.000000 0.000000 7224944.000000 8 17
0.000000 0.000000 7357636.000000 8 16
0.000000 0.000000 7279104.000000 8 18
0.000000 0.000000 7279203.000000 9 14
0.000000 0.000000 7306193.000000 9 11
0.000000 0.000000 7330556.000000 8 19
0.000000 0.000000 7357474.000000 9 12
0.000000 0.000000 7333183.000000 9 16
0.000000 0.000000 7306193.000000 9 19
0.000000 0.000000 7200932.000000 9 17
0.000000 0.000000 7265564.000000 8 13
0.000000 0.000000 7265708.000000 9 10
0.000000 0.000000 7322432.000000 8 15
0.000000 0.000000 7241417.000000 9 13
0.000000 0.000000 7303476.000000 8 14
0.000000 0.000000 7260324.000000 10 14
0.000000 0.000000 7236096.000000 10 18
0.000000 0.000000 7338392.000000 10 12
0.000000 0.000000 7279168.000000 10 15
0.000000 0.000000 7287244.000000 10 11
0.000000 0.000000 7314164.000000 10 16
0.000000 0.000000 7222636.000000 10 13
0.000000 0.000000 7182256.000000 10 17
0.000000 0.000000 7287244.000000 10 19
0.000000 0.000000 7276416.000000 11 18
0.000000 0.000000 7262881.000000 11 13
0.000000 0.000000 7354919.000000 11 16
0.000000 0.000000 7300779.000000 11 14
0.000000 0.000000 7319728.000000 11 15
0.000000 0.000000 7379282.000000 11 12
0.000000 0.000000 7222276.000000 11 17
0.000000 0.000000 7327849.000000 11 19
0.000000 0.000000 7211904.000000 13 18
0.000000 0.000000 7272968.000000 12 17
0.000000 0.000000 7327488.000000 12 18
0.000000 0.000000 7406542.000000 12 16
0.000000 0.000000 7371104.000000 12 15
0.000000 0.000000 7254832.000000 13 15
0.000000 0.000000 7327749.000000 14 16
0.000000 0.000000 7292688.000000 14 15
0.000000 0.000000 7313858.000000 12 13
0.000000 0.000000 7236051.000000 13 14
0.000000 0.000000 7352022.000000 12 14
0.000000 0.000000 7289711.000000 13 16
0.000000 0.000000 7158244.000000 13 17
0.000000 0.000000 7379282.000000 12 19
0.000000 0.000000 7262881.000000 13 19
0.000000 0.000000 7248956.000000 16 17
0.000000 0.000000 7319728.000000 15 19
0.000000 0.000000 7268352.000000 15 18
0.000000 0.000000 7214272.000000 15 17
0.000000 0.000000 7303296.000000 16 18
0.000000 0.000000 7195596.000000 14 17
0.000000 0.000000 7249536.000000 14 18
0.000000 0.000000 7346768.000000 15 16
0.000000 0.000000 7300779.000000 14 19
10494705.691075 0.000000 0.000000 0 6
9714411.116959 0.000000 0.000000 0 3
10210922.650886 0.000000 0.000000 0 1
11096843.857296 0.000000 0.000000 0 4
0.000000 0.000000 7276416.000000 18 19
0.000000 0.000000 7171584.000000 17 18
0.000000 0.000000 7354919.000000 16 19
10216730.478364 0.000000 0.000000 0 2
0.000000 0.000000 7222276.000000 17 19
10541670.178619 0.000000 0.000000 0 5
9755518.461047 0.000000 0.000000 0 13
9455200.771991 0.000000 0.000000 0 11
9979889.877457 0.000000 0.000000 0 9
10270293.600812 0.000000 0.000000 0 12
10690566.841955 0.000000 0.000000 0 7
10011165.596634 0.000000 0.000000 0 14
9986283.810570 0.000000 0.000000 0 18
10620073.505119 0.000000 0.000000 0 19
10657896.162352 0.000000 0.000000 0 8
9327833.726342 0.000000 0.000000 0 17
10376879.471868 0.000000 0.000000 0 10
9991029.396422 0.000000 0.000000 0 16
9910664.464910 0.000000 0.000000 0 15
9785390.823221 0.000000 0.000000 1 2
9056012.103079 0.000000 0.000000 1 11
9836692.566763 0.000000 0.000000 1 12
9304278.858894 0.000000 0.000000 1 3
9938778.494031 0.000000 0.000000 1 10
10239222.312052 0.000000 0.000000 1 7
10628346.737529 0.000000 0.000000 1 4
10096611.909823 0.000000 0.000000 1 5
9558549.384310 0.000000 0.000000 1 9
10051630.213728 0.000000 0.000000 1 6
10207930.954308 0.000000 0.000000 1 8
8934022.360633 0.000000 0.000000 1 17
9588504.675395 0.000000 0.000000 1 14
9569218.604456 0.000000 0.000000 1 16
9492246.596140 0.000000 0.000000 1 15
10171705.130032 0.000000 0.000000 1 19
9309571.000289 0.000000 0.000000 2 3
9343650.693989 0.000000 0.000000 1 13
9564673.372264 0.000000 0.000000 1 18
10634391.989887 0.000000 0.000000 2 4
9593958.480388 0.000000 0.000000 2 14
9348965.229523 0.000000 0.000000 2 13
9497645.650907 0.000000 0.000000 2 15
9563986.151160 0.000000 0.000000 2 9
8939103.905402 0.000000 0.000000 2 17
9061163.033875 0.000000 0.000000 2 11
9574661.439805 0.000000 0.000000 2 16
10102354.718977 0.000000 0.000000 2 5
9570113.622353 0.000000 0.000000 2 18
9842287.537498 0.000000 0.000000 2 12
9944431.529789 0.000000 0.000000 2 10
10177490.651140 0.000000 0.000000 2 19
10213737.080152 0.000000 0.000000 2 8
10245046.235977 0.000000 0.000000 2 7
10057347.437935 0.000000 0.000000 2 6
10111537.735813 0.000000 0.000000 3 4
8615658.707571 0.000000 0.000000 3 11
9093759.846751 0.000000 0.000000 3 9
8889310.719318 0.000000 0.000000 3 13
9711564.893213 0.000000 0.000000 3 8
9358378.169319 0.000000 0.000000 3 12
9605658.796354 0.000000 0.000000 3 5
9562864.359111 0.000000 0.000000 3 6
9741334.692078 0.000000 0.000000 3 7
9455500.114185 0.000000 0.000000 3 10
8499600.781106 0.000000 0.000000 3 17
9030681.066850 0.000000 0.000000 3 15
9103910.270404 0.000000 0.000000 3 16
9677100.568871 0.000000 0.000000 3 19
9122258.545907 0.000000 0.000000 3 14
9099586.052542 0.000000 0.000000 3 18
10923730.871997 0.000000 0.000000 4 6
10972615.275009 0.000000 0.000000 4 5
9841730.832124 0.000000 0.000000 4 11
11093592.594808 0.000000 0.000000 4 8
10154325.554444 0.000000 0.000000 4 13
9868165.536120 0.000000 0.000000 5 9
10399464.213039 0.000000 0.000000 4 16
10394524.626910 0.000000 0.000000 4 18
10315813.950777 0.000000 0.000000 4 15
9709157.002082 0.000000 0.000000 4 17
10420423.584209 0.000000 0.000000 4 14
10377218.013829 0.000000 0.000000 5 6
10538581.576379 0.000000 0.000000 5 8
10690144.781007 0.000000 0.000000 4 12
10387869.308829 0.000000 0.000000 4 9
10570886.509447 0.000000 0.000000 5 7
11054223.741538 0.000000 0.000000 4 19
10801087.898846 0.000000 0.000000 4 10
11127598.856814 0.000000 0.000000 4 7
9646305.945891 0.000000 0.000000 5 13
9899091.125268 0.000000 0.000000 5 14
9223409.119259 0.000000 0.000000 5 17
9349350.297543 0.000000 0.000000 5 11
9879180.348755 0.000000 0.000000 5 16
10155318.205089 0.000000 0.000000 5 12
9799715.098415 0.000000 0.000000 5 15
10260710.852939 0.000000 0.000000 5 10
9874487.889487 0.000000 0.000000 5 18
10501182.341801 0.000000 0.000000 5 19
10523791.859413 0.000000 0.000000 6 7
9182317.653165 0.000000 0.000000 6 17
9854989.409504 0.000000 0.000000 6 14
9307697.747409 0.000000 0.000000 6 11
9603330.420401 0.000000 0.000000 6 13
10007549.229279 0.000000 0.000000 7 9
9824201.597808 0.000000 0.000000 6 9
10454398.232741 0.000000 0.000000 6 19
10491630.848950 0.000000 0.000000 6 8
10298757.809083 0.000000 0.000000 7 12
9481405.943382 0.000000 0.000000 7 11
10110074.964950 0.000000 0.000000 6 12
10405639.083814 0.000000 0.000000 7 10
10687434.614506 0.000000 0.000000 7 8
9835167.338045 0.000000 0.000000 6 16
9830495.784284 0.000000 0.000000 6 18
9756056.115550 0.000000 0.000000 6 15
10038911.629384 0.000000 0.000000 7 14
9782555.965529 0.000000 0.000000 7 13
10214998.075085 0.000000 0.000000 6 10
9353685.898856 0.000000 0.000000 7 17
10018719.621516 0.000000 0.000000 7 16
9976965.871135 0.000000 0.000000 8 9
10013960.883233 0.000000 0.000000 7 18
10649507.131448 0.000000 0.000000 7 19
9938131.957894 0.000000 0.000000 7 15
9325100.765845 0.000000 0.000000 8 17
9988102.126332 0.000000 0.000000 8 16
10008232.426844 0.000000 0.000000 8 14
9983357.930888 0.000000 0.000000 8 18
9907760.740925 0.000000 0.000000 8 15
9752660.193268 0.000000 0.000000 8 13
9713903.265958 0.000000 0.000000 9 10
10267284.509148 0.000000 0.000000 8 12
10616961.931499 0.000000 0.000000 8 19
9452430.494244 0.000000 0.000000 8 11
10373839.151629 0.000000 0.000000 8 10
9132240.853019 0.000000 0.000000 9 13
9348262.662705 0.000000 0.000000 9 18
9614127.139255 0.000000 0.000000 9 12
9495511.854685 0.000000 0.000000 10 13
9996567.074013 0.000000 0.000000 10 12
8851110.385192 0.000000 0.000000 9 11
9744345.416560 0.000000 0.000000 10 14
9277474.617920 0.000000 0.000000 9 15
8731880.787887 0.000000 0.000000 9 17
9352705.054276 0.000000 0.000000 9 16
9203198.310512 0.000000 0.000000 10 11
9371554.757749 0.000000 0.000000 9 14
9941559.693910 0.000000 0.000000 9 19
9646522.867043 0.000000 0.000000 10 15
8860989.964343 0.000000 0.000000 11 16
8272805.309511 0.000000 0.000000 11 17
8878848.651466 0.000000 0.000000 11 14
8856781.129905 0.000000 0.000000 11 18
8789714.741003 0.000000 0.000000 11 15
9079225.884374 0.000000 0.000000 10 17
8652116.588834 0.000000 0.000000 11 13
10337024.553657 0.000000 0.000000 10 19
9720126.786308 0.000000 0.000000 10 18
9724745.891574 0.000000 0.000000 10 16
9108667.877632 0.000000 0.000000 11 12
9418885.783999 0.000000 0.000000 11 19
9644256.604031 0.000000 0.000000 12 14
9068895.149979 0.000000 0.000000 13 15
9547438.836507 0.000000 0.000000 12 15
9397978.930176 0.000000 0.000000 12 13
9624858.395098 0.000000 0.000000 12 16
10230848.051448 0.000000 0.000000 12 19
9160860.146808 0.000000 0.000000 13 14
8985968.831324 0.000000 0.000000 12 17
9620286.734862 0.000000 0.000000 12 18
8535567.553534 0.000000 0.000000 13 17
9306549.056052 0.000000 0.000000 14 15
9138091.712888 0.000000 0.000000 13 18
9872600.158319 0.000000 0.000000 15 19
9283418.526409 0.000000 0.000000 15 18
8671312.178683 0.000000 0.000000 15 17
8759245.403605 0.000000 0.000000 14 17
8741627.283371 0.000000 0.000000 16 17
9377558.941666 0.000000 0.000000 14 18
9382015.255132 0.000000 0.000000 14 16
9718050.030250 0.000000 0.000000 13 19
9358697.161531 0.000000 0.000000 16 18
9972715.291114 0.000000 0.000000 14 19
9142434.229040 0.000000 0.000000 13 16
9287830.103373 0.000000 0.000000 15 16
9292007.922329 0.000000 0.000000 17 19
8737475.144376 0.000000 0.000000 17 18
9952656.428853 0.000000 0.000000 16 19
9947929.069573 0.000000 0.000000 18 19
