4813842.621679 0.000000 0.000000 0 0
3780068.201067 0.000000 0.000000 3 3
4164910.017531 0.000000 0.000000 2 2
4254621.540954 0.000000 0.000000 6 6
3786173.100714 0.000000 0.000000 9 9
4251967.873789 0.000000 0.000000 1 1
4569477.801438 0.000000 0.000000 5 5
3869458.051607 0.000000 0.000000 11 11
4392981.541783 0.000000 0.000000 4 4
4410908.878253 0.000000 0.000000 7 7
4312285.168992 0.000000 0.000000 13 13
4965798.798969 0.000000 0.000000 8 8
4478172.477265 0.000000 0.000000 10 10
4129417.089933 0.000000 0.000000 14 14
4129600.830530 0.000000 0.000000 18 18
4495181.404310 0.000000 0.000000 12 12
4918482.754167 0.000000 0.000000 19 19
4473426.959858 0.000000 0.000000 16 16
3743009.494822 0.000000 0.000000 17 17
4254841.824324 0.000000 0.000000 15 15
0.000000 0.000000 16356340.000000 0 0
0.000000 0.000000 17722081.000000 3 3
0.000000 0.000000 17254875.000000 1 1
0.000000 0.000000 17502486.000000 2 2
0.000000 0.000000 17853300.000000 4 4
0.000000 0.000000 17567628.000000 5 5
0.000000 18546788.287353 0.000000 0 4
0.000000 18478510.284996 0.000000 0 3
0.000000 17752280.623216 0.000000 0 0
0.000000 18363679.099176 0.000000 0 2
0.000000 18233330.185496 0.000000 0 1
0.000000 0.000000 16356340.000000 14 14
0.000000 0.000000 16293486.000000 11 11
0.000000 0.000000 16128360.000000 15 15
0.000000 0.000000 15913261.000000 12 12
0.000000 0.000000 16179516.000000 16 16
0.000000 0.000000 16379226.000000 17 17
0.000000 0.000000 16799706.000000 10 10
0.000000 0.000000 16213665.000000 18 18
0.000000 0.000000 17549850.000000 6 6
0.000000 0.000000 16910020.000000 8 8
0.000000 0.000000 16927471.000000 19 19
0.000000 0.000000 16219360.000000 13 13
0.000000 0.000000 16851915.000000 7 7
0.000000 0.000000 16950753.000000 9 9
0.000000 17991253.631613 0.000000 0 10
0.000000 17752280.623216 0.000000 0 14
0.000000 17510204.069294 0.000000 0 12
0.000000 17677795.529742 0.000000 0 13
0.000000 18050220.997279 0.000000 0 8
0.000000 18071945.816218 0.000000 0 9
0.000000 17628138.800718 0.000000 0 15
0.000000 18019185.541669 0.000000 0 7
0.000000 17718141.622032 0.000000 0 11
0.000000 18388507.463667 0.000000 0 6
0.000000 18397818.100355 0.000000 0 5
0.000000 17656070.710807 0.000000 0 16
0.000000 17764694.805474 0.000000 0 17
0.000000 17674691.984179 0.000000 0 18
0.000000 18059531.633969 0.000000 0 19
0.000000 16984409.375935 0.000000 1 9
0.000000 16934824.117592 0.000000 1 7
0.000000 17258586.686788 0.000000 1 2
0.000000 17430676.701112 0.000000 1 4
0.000000 16683981.045896 0.000000 1 0
0.000000 17136081.930873 0.000000 1 1
0.000000 16963991.916620 0.000000 1 8
0.000000 17290671.265717 0.000000 1 5
0.000000 17281920.926005 0.000000 1 6
0.000000 17366507.543188 0.000000 1 3
0.000000 16972742.256316 0.000000 1 19
0.000000 16567309.849780 0.000000 1 15
0.000000 16683981.045896 0.000000 1 14
0.000000 16613978.328239 0.000000 1 13
0.000000 16593560.868911 0.000000 1 16
0.000000 16695648.165503 0.000000 1 17
0.000000 16512506.742513 0.000000 2 0
0.000000 16456472.213458 0.000000 1 12
0.000000 16651896.466964 0.000000 1 11
0.000000 16611061.548336 0.000000 1 18
0.000000 16908573.098467 0.000000 1 10
0.000000 17081206.712556 0.000000 2 2
0.000000 16959961.033637 0.000000 2 1
0.000000 17188018.382066 0.000000 2 3
0.000000 16480751.921857 0.000000 2 11
0.000000 16443223.497450 0.000000 2 13
0.000000 16287336.196037 0.000000 2 12
0.000000 16512506.742513 0.000000 2 14
0.000000 16734790.487146 0.000000 2 10
0.000000 16760771.704050 0.000000 2 7
0.000000 17112961.533203 0.000000 2 5
0.000000 16789639.722829 0.000000 2 8
0.000000 17251528.023354 0.000000 2 4
0.000000 17104301.127577 0.000000 2 6
0.000000 16809847.335963 0.000000 2 9
0.000000 16440336.695573 0.000000 2 18
0.000000 16423015.884309 0.000000 2 16
0.000000 16524053.950027 0.000000 2 17
0.000000 16397034.667402 0.000000 2 15
0.000000 16798300.128460 0.000000 2 19
0.000000 15731157.454331 0.000000 3 0
0.000000 16303199.543498 0.000000 3 5
0.000000 16157438.818849 0.000000 3 1
0.000000 16374704.804634 0.000000 3 3
0.000000 16435209.256382 0.000000 3 4
0.000000 16272947.317633 0.000000 3 2
0.000000 15967674.856575 0.000000 3 7
0.000000 15995176.880094 0.000000 3 8
0.000000 16294948.936443 0.000000 3 6
0.000000 15662402.395534 0.000000 3 18
0.000000 16003427.487149 0.000000 3 19
0.000000 15742158.263743 0.000000 3 17
0.000000 15516641.670876 0.000000 3 12
0.000000 15700905.228462 0.000000 3 11
0.000000 15621149.360243 0.000000 3 15
0.000000 15665152.597885 0.000000 3 13
0.000000 15942923.035405 0.000000 3 10
0.000000 15731157.454331 0.000000 3 14
0.000000 16014428.296558 0.000000 3 9
0.000000 15645901.181415 0.000000 3 16
0.000000 16839544.088751 0.000000 4 15
0.000000 16726885.167075 0.000000 4 12
0.000000 16969991.261270 0.000000 4 17
0.000000 16958132.427407 0.000000 4 14
0.000000 17251638.565635 0.000000 4 19
0.000000 16886979.424210 0.000000 4 13
0.000000 17186414.979380 0.000000 4 10
0.000000 18069649.971112 0.000000 5 4
0.000000 17263497.399491 0.000000 4 9
0.000000 16866226.464956 0.000000 4 16
0.000000 16884014.715747 0.000000 4 18
0.000000 17295581.966972 0.000000 5 0
0.000000 16925520.634257 0.000000 4 11
0.000000 18003128.501990 0.000000 5 3
0.000000 17242744.440252 0.000000 4 8
0.000000 17542179.995328 0.000000 4 2
0.000000 17213097.355580 0.000000 4 7
0.000000 17417662.239768 0.000000 4 1
0.000000 17891251.485793 0.000000 5 2
0.000000 16958132.427407 0.000000 4 0
0.000000 17651874.208565 0.000000 4 3
0.000000 17574791.788446 0.000000 4 5
0.000000 17717097.794857 0.000000 4 4
0.000000 17764255.953833 0.000000 5 1
0.000000 17565897.663053 0.000000 4 6
0.000000 17059733.121983 0.000000 5 12
0.000000 17555620.437057 0.000000 5 7
0.000000 17201847.169590 0.000000 5 16
0.000000 17223013.091549 0.000000 5 13
0.000000 16989785.592777 0.000000 6 9
0.000000 17264049.691291 0.000000 6 2
0.000000 17296144.426211 0.000000 6 5
0.000000 17594928.577883 0.000000 5 19
0.000000 17174633.841343 0.000000 5 15
0.000000 17372004.708791 0.000000 6 3
0.000000 17295581.966972 0.000000 5 14
0.000000 17287391.316683 0.000000 6 6
0.000000 17915441.110903 0.000000 5 6
0.000000 17141506.157882 0.000000 6 1
0.000000 16940184.638811 0.000000 6 7
0.000000 17924512.220317 0.000000 5 5
0.000000 17219989.388410 0.000000 5 18
0.000000 17436194.178643 0.000000 6 4
0.000000 16689262.165704 0.000000 6 0
0.000000 17528407.108792 0.000000 5 10
0.000000 17607023.390451 0.000000 5 9
0.000000 17262321.232425 0.000000 5 11
0.000000 17307676.779552 0.000000 5 17
0.000000 16969361.670564 0.000000 6 8
0.000000 17585857.468457 0.000000 5 8
0.000000 17248267.928599 0.000000 7 7
0.000000 17221531.033765 0.000000 7 10
0.000000 16689262.165704 0.000000 6 14
0.000000 16619237.289480 0.000000 6 13
0.000000 17687941.310183 0.000000 7 3
0.000000 17277975.589506 0.000000 7 8
0.000000 17453250.788899 0.000000 7 1
0.000000 16700932.978411 0.000000 6 17
0.000000 17610701.391787 0.000000 7 5
0.000000 16921483.658650 0.000000 7 13
0.000000 16616319.586304 0.000000 6 18
0.000000 16461681.317990 0.000000 6 12
0.000000 16572554.038667 0.000000 6 15
0.000000 16761062.289782 0.000000 7 12
0.000000 16978114.780085 0.000000 6 19
0.000000 16598813.367250 0.000000 6 16
0.000000 16960103.617788 0.000000 7 11
0.000000 17601789.093508 0.000000 7 6
0.000000 16657167.430768 0.000000 6 11
0.000000 16913925.310238 0.000000 6 10
0.000000 17578022.964787 0.000000 7 2
0.000000 16992782.044771 0.000000 7 0
0.000000 17753298.164211 0.000000 7 4
0.000000 17298770.952176 0.000000 7 9
0.000000 16992782.044771 0.000000 7 14
0.000000 17004665.109130 0.000000 7 17
0.000000 16918512.892560 0.000000 7 18
0.000000 16900688.296021 0.000000 7 16
0.000000 16873951.401203 0.000000 7 15
0.000000 18518485.474822 0.000000 8 1
0.000000 18767500.002881 0.000000 8 3
0.000000 18029912.666538 0.000000 8 0
0.000000 18650872.945485 0.000000 8 2
0.000000 18836845.820800 0.000000 8 4
0.000000 17286887.887795 0.000000 7 19
0.000000 17951110.600723 0.000000 8 18
0.000000 18685545.854443 0.000000 8 5
0.000000 17954262.683356 0.000000 8 13
0.000000 18341968.847208 0.000000 8 19
0.000000 17995239.757585 0.000000 8 11
0.000000 18676089.606543 0.000000 8 6
0.000000 18029912.666538 0.000000 8 14
0.000000 18300991.772998 0.000000 8 7
0.000000 18042520.997058 0.000000 8 17
0.000000 17932198.104918 0.000000 8 16
0.000000 17903829.361230 0.000000 8 15
0.000000 18332512.599316 0.000000 8 8
0.000000 18354577.177757 0.000000 8 9
0.000000 17784050.221144 0.000000 8 12
0.000000 18272623.029308 0.000000 8 10
0.000000 15743870.038069 0.000000 9 0
0.000000 16170495.887023 0.000000 9 1
0.000000 16286097.729974 0.000000 9 2
0.000000 16387937.448745 0.000000 9 3
0.000000 15980578.573621 0.000000 9 7
0.000000 16027369.795764 0.000000 9 9
0.000000 16316374.403125 0.000000 9 5
0.000000 16448490.795047 0.000000 9 4
0.000000 16308117.128629 0.000000 9 6
0.000000 16008102.821938 0.000000 9 8
0.000000 16016360.096434 0.000000 9 19
0.000000 15658544.868283 0.000000 9 16
0.000000 15633773.044790 0.000000 9 15
0.000000 15754879.737396 0.000000 9 17
0.000000 15743870.038069 0.000000 9 14
0.000000 15529180.901173 0.000000 9 12
0.000000 15955806.750132 0.000000 9 10
0.000000 17585739.437771 0.000000 10 1
0.000000 15675059.417274 0.000000 9 18
0.000000 15677811.842105 0.000000 9 13
0.000000 15713593.364919 0.000000 9 11
0.000000 17121775.248372 0.000000 10 0
0.000000 17711458.766554 0.000000 10 2
0.000000 17888064.490276 0.000000 10 4
0.000000 17822211.508531 0.000000 10 3
0.000000 17049935.631951 0.000000 10 13
0.000000 17121775.248372 0.000000 10 14
0.000000 16888296.494982 0.000000 10 12
0.000000 17379200.540606 0.000000 10 7
0.000000 17409133.714097 0.000000 10 8
0.000000 17744385.257414 0.000000 10 5
0.000000 17735405.305371 0.000000 10 6
0.000000 17430086.935551 0.000000 10 9
0.000000 17088848.757499 0.000000 10 11
0.000000 17352260.684426 0.000000 10 10
0.000000 15916117.733423 0.000000 11 0
0.000000 16464277.732262 0.000000 11 2
0.000000 16494885.650979 0.000000 11 5
0.000000 16628447.478094 0.000000 11 4
0.000000 16567231.640664 0.000000 11 3
0.000000 16486538.036779 0.000000 11 6
0.000000 16347411.133518 0.000000 11 1
0.000000 17418113.666159 0.000000 10 19
0.000000 17046942.314597 0.000000 10 18
0.000000 17028982.410482 0.000000 10 16
0.000000 17002042.554358 0.000000 10 15
0.000000 17133748.517790 0.000000 10 17
0.000000 16155416.007036 0.000000 11 7
0.000000 16183241.387690 0.000000 11 8
0.000000 16202719.154138 0.000000 11 9
0.000000 15846554.281797 0.000000 11 18
0.000000 16191589.001882 0.000000 11 19
0.000000 15829859.053408 0.000000 11 16
0.000000 15699079.764354 0.000000 11 12
0.000000 15885509.814703 0.000000 11 11
0.000000 15849336.819861 0.000000 11 13
0.000000 15916117.733423 0.000000 11 14
0.000000 16130373.164442 0.000000 11 10
0.000000 15804816.210822 0.000000 11 15
0.000000 15927247.885683 0.000000 11 17
0.000000 17745261.686289 0.000000 12 2
0.000000 17922204.467932 0.000000 12 4
0.000000 17154452.737033 0.000000 12 0
0.000000 17856225.803627 0.000000 12 3
0.000000 17619302.417962 0.000000 12 1
0.000000 17778251.018485 0.000000 12 5
0.000000 17412369.334192 0.000000 12 7
0.000000 17769253.927877 0.000000 12 6
0.000000 17442359.636181 0.000000 12 8
0.000000 17463352.847561 0.000000 12 9
0.000000 17121463.404837 0.000000 12 11
0.000000 17385378.062404 0.000000 12 10
0.000000 17082476.012281 0.000000 12 13
0.000000 16920528.381581 0.000000 12 12
0.000000 17154452.737033 0.000000 12 14
0.000000 16801837.728118 0.000000 13 0
0.000000 17380502.419018 0.000000 13 2
0.000000 17553808.087870 0.000000 13 4
0.000000 17257132.281833 0.000000 13 1
0.000000 17489185.635065 0.000000 13 3
0.000000 17061482.800909 0.000000 12 16
0.000000 17079476.982087 0.000000 12 18
0.000000 17166448.857823 0.000000 12 17
0.000000 17034491.529129 0.000000 12 15
0.000000 17451356.726775 0.000000 12 19
0.000000 16801837.728118 0.000000 13 14
0.000000 17404001.492793 0.000000 13 6
0.000000 16769526.501715 0.000000 13 11
0.000000 17412813.645447 0.000000 13 5
0.000000 16710778.817351 0.000000 13 16
0.000000 17104388.302510 0.000000 13 9
0.000000 16572721.759095 0.000000 13 12
0.000000 17083826.612992 0.000000 13 8
0.000000 16684342.359394 0.000000 13 15
0.000000 17028016.312836 0.000000 13 10
0.000000 17054452.770814 0.000000 13 7
0.000000 16731340.506879 0.000000 13 13
0.000000 17092638.765642 0.000000 13 19
0.000000 16728403.122661 0.000000 13 18
0.000000 16813587.264990 0.000000 13 17
0.000000 17008199.838860 0.000000 14 2
0.000000 16441930.552317 0.000000 14 0
0.000000 16689134.403282 0.000000 14 7
0.000000 16717879.037113 0.000000 14 8
0.000000 16738000.280799 0.000000 14 9
0.000000 17039818.936096 0.000000 14 5
0.000000 16887472.376761 0.000000 14 1
0.000000 17177793.178468 0.000000 14 4
0.000000 17031195.545949 0.000000 14 6
0.000000 17114554.984067 0.000000 14 3
0.000000 17141849.737368 0.000000 15 1
0.000000 16726502.427266 0.000000 14 19
0.000000 16217722.408417 0.000000 14 12
0.000000 16370068.967746 0.000000 14 18
0.000000 16326952.016992 0.000000 14 15
0.000000 16352822.187446 0.000000 14 16
0.000000 16663264.232832 0.000000 14 10
0.000000 16453428.405856 0.000000 14 17
0.000000 16689596.680395 0.000000 15 0
0.000000 16410311.455099 0.000000 14 11
0.000000 16372943.431129 0.000000 14 13
0.000000 16441930.552317 0.000000 14 14
0.000000 17264395.727013 0.000000 15 2
0.000000 17372352.908368 0.000000 15 3
0.000000 17436543.664873 0.000000 15 4
0.000000 17296491.105267 0.000000 15 5
0.000000 16969701.799497 0.000000 15 8
0.000000 16657501.302164 0.000000 15 11
0.000000 16940524.182902 0.000000 15 7
0.000000 16619570.400619 0.000000 15 13
0.000000 16914264.327978 0.000000 15 10
0.000000 17287737.820283 0.000000 15 6
0.000000 16689596.680395 0.000000 15 14
0.000000 16990126.131078 0.000000 15 9
0.000000 16462011.271127 0.000000 15 12
0.000000 17702309.393362 0.000000 16 2
0.000000 17735218.875081 0.000000 16 5
0.000000 17813004.922779 0.000000 16 3
0.000000 17576655.008603 0.000000 16 1
0.000000 16701267.727024 0.000000 15 17
0.000000 16978455.084458 0.000000 15 19
0.000000 16599146.069023 0.000000 15 16
0.000000 16616652.638963 0.000000 15 18
0.000000 17726243.561885 0.000000 16 6
0.000000 17878823.886262 0.000000 16 4
0.000000 17112930.493536 0.000000 16 0
0.000000 16572886.214113 0.000000 15 15
0.000000 17370222.805097 0.000000 16 7
0.000000 17400140.515719 0.000000 16 8
0.000000 17421082.913180 0.000000 16 9
0.000000 16879572.350529 0.000000 16 12
0.000000 17343296.865534 0.000000 16 10
0.000000 17112930.493536 0.000000 16 14
0.000000 17041127.987969 0.000000 16 13
0.000000 16993259.650962 0.000000 16 15
0.000000 17020185.590544 0.000000 16 16
0.000000 17080021.011846 0.000000 16 11
0.000000 17038136.216909 0.000000 16 18
0.000000 17409115.828927 0.000000 16 19
0.000000 17124897.577791 0.000000 16 17
0.000000 15935882.290878 0.000000 17 9
0.000000 15889358.162611 0.000000 17 7
0.000000 16223237.200830 0.000000 17 5
0.000000 15654000.807795 0.000000 17 0
0.000000 15864727.741760 0.000000 17 10
0.000000 16354599.445373 0.000000 17 4
0.000000 15623896.960084 0.000000 17 11
0.000000 16078191.389145 0.000000 17 1
0.000000 15916725.296879 0.000000 17 8
0.000000 16294391.749951 0.000000 17 3
0.000000 16215027.060549 0.000000 17 6
0.000000 16193133.353122 0.000000 17 2
0.000000 15440537.160406 0.000000 17 12
0.000000 15588319.685518 0.000000 17 13
0.000000 15654000.807795 0.000000 17 14
0.000000 17114748.354472 0.000000 18 3
0.000000 15544532.270664 0.000000 17 15
0.000000 16442116.323088 0.000000 18 0
0.000000 15585582.972090 0.000000 17 18
0.000000 15924935.437163 0.000000 17 19
0.000000 15569162.691524 0.000000 17 16
0.000000 15664947.661507 0.000000 17 17
0.000000 16887663.181467 0.000000 18 1
0.000000 17008392.007620 0.000000 18 2
0.000000 17177987.263402 0.000000 18 4
0.000000 16327136.488687 0.000000 18 15
0.000000 16718067.925683 0.000000 18 8
0.000000 16353006.951421 0.000000 18 16
0.000000 17031387.974525 0.000000 18 6
0.000000 17040011.462121 0.000000 18 5
0.000000 16442116.323088 0.000000 18 14
0.000000 16410496.868628 0.000000 18 11
0.000000 16217905.645987 0.000000 18 12
0.000000 16738189.396704 0.000000 18 9
0.000000 16689322.967075 0.000000 18 7
0.000000 16663452.504329 0.000000 18 10
0.000000 16373128.422444 0.000000 18 13
0.000000 17943999.322914 0.000000 19 0
0.000000 18562000.698190 0.000000 19 2
0.000000 18213786.725361 0.000000 19 7
0.000000 17846750.375538 0.000000 19 16
0.000000 18245157.353534 0.000000 19 8
0.000000 17956547.574188 0.000000 19 17
0.000000 16370253.926584 0.000000 18 18
0.000000 18185553.160009 0.000000 19 10
0.000000 18254568.541989 0.000000 19 19
0.000000 17868709.815281 0.000000 19 13
0.000000 18596508.389198 0.000000 19 5
0.000000 17943999.322914 0.000000 19 14
0.000000 17865572.752457 0.000000 19 18
0.000000 18430244.059806 0.000000 19 1
0.000000 18587097.200741 0.000000 19 6
0.000000 17909491.631922 0.000000 19 11
0.000000 18267116.793266 0.000000 19 9
0.000000 16726691.413262 0.000000 18 19
0.000000 18747087.404545 0.000000 19 4
0.000000 18678072.022541 0.000000 19 3
0.000000 17699308.423066 0.000000 19 12
0.000000 17818516.810181 0.000000 19 15
0.000000 16453614.306526 0.000000 18 17
0.000000 0.000000 33845240.000000 0 2
0.000000 0.000000 33605000.000000 0 1
0.000000 0.000000 32718400.000000 0 14
0.000000 0.000000 32581120.000000 0 13
0.000000 0.000000 32489600.000000 0 15
0.000000 0.000000 32541080.000000 0 16
0.000000 0.000000 32272240.000000 0 12
0.000000 0.000000 33307560.000000 0 9
0.000000 0.000000 33267520.000000 0 8
0.000000 0.000000 33210320.000000 0 7
0.000000 0.000000 34182720.000000 0 4
0.000000 0.000000 32575400.000000 0 18
0.000000 0.000000 34762375.000000 1 2
0.000000 0.000000 35109000.000000 1 4
0.000000 0.000000 34056880.000000 0 3
0.000000 0.000000 34827000.000000 1 5
0.000000 0.000000 34169000.000000 1 8
0.000000 0.000000 33908160.000000 0 5
0.000000 0.000000 33284680.000000 0 19
0.000000 0.000000 34210125.000000 1 9
0.000000 0.000000 32741280.000000 0 17
0.000000 0.000000 33158840.000000 0 10
0.000000 0.000000 32655480.000000 0 11
0.000000 0.000000 34809375.000000 1 6
0.000000 0.000000 34110250.000000 1 7
0.000000 0.000000 33891000.000000 0 6
0.000000 0.000000 34979750.000000 1 3
0.000000 0.000000 33464000.000000 1 13
0.000000 0.000000 33370000.000000 1 15
0.000000 0.000000 33605000.000000 1 14
0.000000 0.000000 33146750.000000 1 12
0.000000 0.000000 33458125.000000 1 18
0.000000 0.000000 34186625.000000 1 19
0.000000 0.000000 33422875.000000 1 16
0.000000 0.000000 33540375.000000 1 11
0.000000 0.000000 34057375.000000 1 10
0.000000 0.000000 33628500.000000 1 17
0.000000 0.000000 35229818.000000 2 3
0.000000 0.000000 35359992.000000 2 4
0.000000 0.000000 33608560.000000 2 15
0.000000 0.000000 33703232.000000 2 13
0.000000 0.000000 33868908.000000 2 17
0.000000 0.000000 33383714.000000 2 12
0.000000 0.000000 33661813.000000 2 16
0.000000 0.000000 33845240.000000 2 14
0.000000 0.000000 33780153.000000 2 11
0.000000 0.000000 34354102.000000 2 7
0.000000 0.000000 34300849.000000 2 10
0.000000 0.000000 35075976.000000 2 5
0.000000 0.000000 34413272.000000 2 8
0.000000 0.000000 34454691.000000 2 9
0.000000 0.000000 35058225.000000 2 6
0.000000 0.000000 34431023.000000 2 19
0.000000 0.000000 33697315.000000 2 18
0.000000 0.000000 33818720.000000 3 15
0.000000 0.000000 33592468.000000 3 12
0.000000 0.000000 33872306.000000 3 16
0.000000 0.000000 34515338.000000 3 10
0.000000 0.000000 34628464.000000 3 8
0.000000 0.000000 33913984.000000 3 13
0.000000 0.000000 34568924.000000 3 7
0.000000 0.000000 35295312.000000 3 5
0.000000 0.000000 34080696.000000 3 17
0.000000 0.000000 34056880.000000 3 14
0.000000 0.000000 34670142.000000 3 9
0.000000 0.000000 33991386.000000 3 11
0.000000 0.000000 35581104.000000 3 4
0.000000 0.000000 35277450.000000 3 6
0.000000 0.000000 33908030.000000 3 18
0.000000 0.000000 34646326.000000 3 19
0.000000 0.000000 34116984.000000 4 11
0.000000 0.000000 34642872.000000 4 10
0.000000 0.000000 34798248.000000 4 9
0.000000 0.000000 34696656.000000 4 7
0.000000 0.000000 35425728.000000 4 5
0.000000 0.000000 34756416.000000 4 8
0.000000 0.000000 35407800.000000 4 6
0.000000 0.000000 33716592.000000 4 12
0.000000 0.000000 34039296.000000 4 13
0.000000 0.000000 34182720.000000 4 14
0.000000 0.000000 34033320.000000 4 18
0.000000 0.000000 34774344.000000 4 19
0.000000 0.000000 33765888.000000 5 13
0.000000 0.000000 33445776.000000 5 12
0.000000 0.000000 33908160.000000 5 14
0.000000 0.000000 34206624.000000 4 17
0.000000 0.000000 33997464.000000 4 16
0.000000 0.000000 33842952.000000 5 11
0.000000 0.000000 34364616.000000 5 10
0.000000 0.000000 34417968.000000 5 7
0.000000 0.000000 34477248.000000 5 8
0.000000 0.000000 33943680.000000 4 15
0.000000 0.000000 34518744.000000 5 9
0.000000 0.000000 35123400.000000 5 6
0.000000 0.000000 33931872.000000 5 17
0.000000 0.000000 33724392.000000 5 16
0.000000 0.000000 33671040.000000 5 15
0.000000 0.000000 34495032.000000 5 19
0.000000 0.000000 33759960.000000 5 18
0.000000 0.000000 34400550.000000 6 7
0.000000 0.000000 34459800.000000 6 8
0.000000 0.000000 34501275.000000 6 9
0.000000 0.000000 34347225.000000 6 10
0.000000 0.000000 33428850.000000 6 12
0.000000 0.000000 33825825.000000 6 11
0.000000 0.000000 34477575.000000 6 19
0.000000 0.000000 32978080.000000 7 15
0.000000 0.000000 33233544.000000 7 17
0.000000 0.000000 33914700.000000 6 17
0.000000 0.000000 33210320.000000 7 14
0.000000 0.000000 33070976.000000 7 13
0.000000 0.000000 33742875.000000 6 18
0.000000 0.000000 33146454.000000 7 11
0.000000 0.000000 33065170.000000 7 18
0.000000 0.000000 33748800.000000 6 13
0.000000 0.000000 33891000.000000 6 14
0.000000 0.000000 33707325.000000 6 16
0.000000 0.000000 33654000.000000 6 15
0.000000 0.000000 32757452.000000 7 12
0.000000 0.000000 33808338.000000 7 9
0.000000 0.000000 33767696.000000 7 8
0.000000 0.000000 33657382.000000 7 10
0.000000 0.000000 33030334.000000 7 16
0.000000 0.000000 33785114.000000 7 19
0.000000 0.000000 33203544.000000 8 11
0.000000 0.000000 33715352.000000 8 10
0.000000 0.000000 33866568.000000 8 9
0.000000 0.000000 32813872.000000 8 12
0.000000 0.000000 33127936.000000 8 13
0.000000 0.000000 33267520.000000 8 14
0.000000 0.000000 33161985.000000 9 18
0.000000 0.000000 33122120.000000 8 18
0.000000 0.000000 33843304.000000 8 19
0.000000 0.000000 33167808.000000 9 13
0.000000 0.000000 33019712.000000 10 13
0.000000 0.000000 33290784.000000 8 17
0.000000 0.000000 33243507.000000 9 11
0.000000 0.000000 33095073.000000 10 11
0.000000 0.000000 33884037.000000 9 19
0.000000 0.000000 33127047.000000 9 16
0.000000 0.000000 33034880.000000 8 15
0.000000 0.000000 32706674.000000 10 12
0.000000 0.000000 33087224.000000 8 16
0.000000 0.000000 33330852.000000 9 17
0.000000 0.000000 33755931.000000 9 10
0.000000 0.000000 33074640.000000 9 15
0.000000 0.000000 32853366.000000 9 12
0.000000 0.000000 33307560.000000 9 14
0.000000 0.000000 32979133.000000 10 16
0.000000 0.000000 32926960.000000 10 15
0.000000 0.000000 33182028.000000 10 17
0.000000 0.000000 33158840.000000 10 14
0.000000 0.000000 33732743.000000 10 19
0.000000 0.000000 33013915.000000 10 18
0.000000 0.000000 32210178.000000 11 12
0.000000 0.000000 32655480.000000 11 14
0.000000 0.000000 32518464.000000 11 13
0.000000 0.000000 32478501.000000 11 16
0.000000 0.000000 32131190.000000 12 18
0.000000 0.000000 32353280.000000 13 15
0.000000 0.000000 32512755.000000 11 18
0.000000 0.000000 32046560.000000 12 15
0.000000 0.000000 33220671.000000 11 19
0.000000 0.000000 32581120.000000 13 14
0.000000 0.000000 32678316.000000 11 17
0.000000 0.000000 32272240.000000 12 14
0.000000 0.000000 32603904.000000 13 17
0.000000 0.000000 32830798.000000 12 19
0.000000 0.000000 32136832.000000 12 13
0.000000 0.000000 32404544.000000 13 16
0.000000 0.000000 32097338.000000 12 16
0.000000 0.000000 32294808.000000 12 17
0.000000 0.000000 32427120.000000 11 15
0.000000 0.000000 32438720.000000 13 18
0.000000 0.000000 32541080.000000 14 16
0.000000 0.000000 33145024.000000 13 19
0.000000 0.000000 32575400.000000 14 18
0.000000 0.000000 33284680.000000 14 19
0.000000 0.000000 32741280.000000 14 17
0.000000 0.000000 32489600.000000 14 15
0.000000 0.000000 32313520.000000 15 16
0.000000 0.000000 32512320.000000 15 17
0.000000 0.000000 32563836.000000 16 17
8635733.667895 0.000000 0.000000 0 11
8542275.875769 0.000000 0.000000 0 9
8493514.818045 0.000000 0.000000 0 17
8921128.875845 0.000000 0.000000 0 18
8921028.080711 0.000000 0.000000 0 14
9055406.247412 0.000000 0.000000 0 15
8959321.161521 0.000000 0.000000 0 2
9307626.868296 0.000000 0.000000 0 12
9055224.747111 0.000000 0.000000 0 6
9201107.807967 0.000000 0.000000 0 4
9116305.758801 0.000000 0.000000 0 13
9052359.328035 0.000000 0.000000 0 1
8535378.308848 0.000000 0.000000 0 3
9219907.924427 0.000000 0.000000 0 7
9285097.817040 0.000000 0.000000 0 16
9289896.785257 0.000000 0.000000 0 10
9384200.468962 0.000000 0.000000 0 5
9782632.074673 0.000000 0.000000 0 8
8028217.434239 0.000000 0.000000 1 9
8384177.028520 0.000000 0.000000 1 14
8116051.108428 0.000000 0.000000 1 11
9736017.393596 0.000000 0.000000 0 19
8510297.986502 0.000000 0.000000 1 6
8665070.833278 0.000000 0.000000 1 7
9193931.279766 0.000000 0.000000 1 8
8819476.554840 0.000000 0.000000 1 5
8647402.073229 0.000000 0.000000 1 4
8730847.893269 0.000000 0.000000 1 10
8021734.950202 0.000000 0.000000 1 3
8747511.012540 0.000000 0.000000 1 12
8567703.255318 0.000000 0.000000 1 13
8420165.702199 0.000000 0.000000 1 2
0.000000 0.000000 32347600.000000 15 18
0.000000 0.000000 32398855.000000 16 18
0.000000 0.000000 32598180.000000 17 18
0.000000 0.000000 33307956.000000 17 19
0.000000 0.000000 33104291.000000 16 19
0.000000 0.000000 33051920.000000 15 19
0.000000 0.000000 33139205.000000 18 19
7982390.727232 0.000000 0.000000 1 17
8384271.757987 0.000000 0.000000 1 18
8726337.718127 0.000000 0.000000 1 16
8510468.564448 0.000000 0.000000 1 15
8032636.112726 0.000000 0.000000 2 11
7945705.173801 0.000000 0.000000 2 9
7939289.315316 0.000000 0.000000 2 3
8422831.007735 0.000000 0.000000 2 6
8657606.010244 0.000000 0.000000 2 12
8728831.906461 0.000000 0.000000 2 5
8576013.133092 0.000000 0.000000 2 7
8641114.150865 0.000000 0.000000 2 10
9150121.784409 0.000000 0.000000 1 19
9099438.067741 0.000000 0.000000 2 8
8558525.968688 0.000000 0.000000 2 4
7569725.246622 0.000000 0.000000 3 9
8232228.419752 0.000000 0.000000 3 10
7900349.463653 0.000000 0.000000 2 17
8315795.490844 0.000000 0.000000 3 5
8422999.832518 0.000000 0.000000 2 15
9056078.836781 0.000000 0.000000 2 19
8170207.893311 0.000000 0.000000 3 7
8298100.049195 0.000000 0.000000 2 18
8298006.293335 0.000000 0.000000 2 14
8668865.074251 0.000000 0.000000 3 8
8153548.197667 0.000000 0.000000 3 4
8479646.277771 0.000000 0.000000 2 13
8636650.330316 0.000000 0.000000 2 16
8024274.137116 0.000000 0.000000 3 6
7526515.706792 0.000000 0.000000 3 17
7905355.957881 0.000000 0.000000 3 14
7652542.732130 0.000000 0.000000 3 11
8024434.973339 0.000000 0.000000 3 15
8078400.986096 0.000000 0.000000 3 13
8247939.906850 0.000000 0.000000 3 12
8227975.821100 0.000000 0.000000 3 16
8627557.542938 0.000000 0.000000 3 19
7905445.277342 0.000000 0.000000 3 18
8650139.307796 0.000000 0.000000 4 6
8964398.302174 0.000000 0.000000 4 5
8113557.469942 0.000000 0.000000 4 17
8160137.201962 0.000000 0.000000 4 9
8522042.214743 0.000000 0.000000 4 18
8650312.688680 0.000000 0.000000 4 15
8708487.860696 0.000000 0.000000 4 13
8249414.160167 0.000000 0.000000 4 11
8521945.928677 0.000000 0.000000 4 14
8891250.221197 0.000000 0.000000 4 12
9345006.071753 0.000000 0.000000 4 8
8874313.293345 0.000000 0.000000 4 10
8807455.383897 0.000000 0.000000 4 7
8869729.006950 0.000000 0.000000 4 16
8822445.088568 0.000000 0.000000 5 15
8275008.988425 0.000000 0.000000 5 17
8413569.088222 0.000000 0.000000 5 11
8822268.257582 0.000000 0.000000 5 6
8322515.609605 0.000000 0.000000 5 9
8691523.960966 0.000000 0.000000 5 14
8982714.763147 0.000000 0.000000 5 7
9530962.161433 0.000000 0.000000 5 8
9068177.032244 0.000000 0.000000 5 12
9046227.567786 0.000000 0.000000 5 16
9050903.076805 0.000000 0.000000 5 10
9300476.698228 0.000000 0.000000 4 19
8881777.887173 0.000000 0.000000 5 13
8118620.150026 0.000000 0.000000 6 11
8386830.942258 0.000000 0.000000 6 14
8513162.454305 0.000000 0.000000 6 15
9485546.698791 0.000000 0.000000 5 19
8729099.938853 0.000000 0.000000 6 16
8030758.673108 0.000000 0.000000 6 9
8750279.935426 0.000000 0.000000 6 12
8733611.541638 0.000000 0.000000 6 10
8570415.262150 0.000000 0.000000 6 13
8691622.163025 0.000000 0.000000 5 18
8667813.660687 0.000000 0.000000 6 7
9196841.511799 0.000000 0.000000 6 8
8539358.351104 0.000000 0.000000 7 14
7984917.460192 0.000000 0.000000 6 17
8909417.222728 0.000000 0.000000 7 12
8130135.454739 0.000000 0.000000 7 17
8386925.701713 0.000000 0.000000 6 18
9153018.149054 0.000000 0.000000 6 19
8266269.733450 0.000000 0.000000 7 11
8176810.360557 0.000000 0.000000 7 9
8887852.035370 0.000000 0.000000 7 16
8667987.395830 0.000000 0.000000 7 15
8726281.433970 0.000000 0.000000 7 13
8892445.688586 0.000000 0.000000 7 10
9364100.207604 0.000000 0.000000 7 8
8626346.870585 0.000000 0.000000 8 17
8539454.833904 0.000000 0.000000 7 18
8675870.513824 0.000000 0.000000 8 9
8770789.914085 0.000000 0.000000 8 11
9060546.112539 0.000000 0.000000 8 14
9060648.484031 0.000000 0.000000 8 18
9319479.849664 0.000000 0.000000 7 19
9258877.783629 0.000000 0.000000 8 13
9430309.620101 0.000000 0.000000 8 16
9453191.008427 0.000000 0.000000 8 12
9197025.850623 0.000000 0.000000 8 15
9435183.640497 0.000000 0.000000 8 10
7911833.785955 0.000000 0.000000 9 18
8234624.971473 0.000000 0.000000 9 16
8238881.006712 0.000000 0.000000 9 10
8254605.190498 0.000000 0.000000 9 12
7532597.996750 0.000000 0.000000 9 17
8084929.262806 0.000000 0.000000 9 13
7658726.866413 0.000000 0.000000 9 11
8030919.639307 0.000000 0.000000 9 15
8977049.130463 0.000000 0.000000 10 12
8329019.470942 0.000000 0.000000 10 11
7911744.394314 0.000000 0.000000 9 14
8634529.601277 0.000000 0.000000 9 19
9888281.232729 0.000000 0.000000 8 19
7998303.781263 0.000000 0.000000 11 14
8118782.877294 0.000000 0.000000 11 15
8191851.788951 0.000000 0.000000 10 17
8344915.687044 0.000000 0.000000 11 12
8173383.399547 0.000000 0.000000 11 13
8324716.872039 0.000000 0.000000 11 16
8604181.120280 0.000000 0.000000 10 14
9390224.566807 0.000000 0.000000 10 19
8733786.595616 0.000000 0.000000 10 15
8604278.335487 0.000000 0.000000 10 18
8792523.147209 0.000000 0.000000 10 13
8955320.240508 0.000000 0.000000 10 16
7615009.287134 0.000000 0.000000 11 17
7998394.150904 0.000000 0.000000 11 18
8728996.706333 0.000000 0.000000 11 19
8809303.975796 0.000000 0.000000 12 13
8038778.833083 0.000000 0.000000 13 17
8599736.378568 0.000000 0.000000 14 16
8620602.491720 0.000000 0.000000 12 14
8620699.892465 0.000000 0.000000 12 18
8729274.902403 0.000000 0.000000 15 16
8972411.772864 0.000000 0.000000 12 16
7985077.507561 0.000000 0.000000 15 17
8443403.377856 0.000000 0.000000 13 14
8262633.096951 0.000000 0.000000 14 18
7866582.539241 0.000000 0.000000 14 17
8787981.111911 0.000000 0.000000 13 16
9214758.815264 0.000000 0.000000 13 19
8387093.806820 0.000000 0.000000 15 18
8386999.045467 0.000000 0.000000 14 15
8570587.045069 0.000000 0.000000 13 15
8207486.215879 0.000000 0.000000 12 17
8443498.776499 0.000000 0.000000 13 18
8750455.323500 0.000000 0.000000 12 15
9153201.609497 0.000000 0.000000 15 19
9017372.203491 0.000000 0.000000 14 19
9408146.128821 0.000000 0.000000 12 19
7866671.420615 0.000000 0.000000 17 18
8187620.048030 0.000000 0.000000 16 17
8599833.543557 0.000000 0.000000 16 18
9385373.771338 0.000000 0.000000 16 19
8585241.940421 0.000000 0.000000 17 19
9017474.087180 0.000000 0.000000 18 19
