6149939.709292 0.000000 0.000000 0 0
4908451.890253 0.000000 0.000000 5 5
5075075.434899 0.000000 0.000000 18 18
6055757.003204 0.000000 0.000000 8 8
4670550.758077 0.000000 0.000000 11 11
5201207.019782 0.000000 0.000000 19 19
5011571.470596 0.000000 0.000000 1 1
4395347.189033 0.000000 0.000000 17 17
4554916.319851 0.000000 0.000000 2 2
4556240.717076 0.000000 0.000000 9 9
4754017.689119 0.000000 0.000000 15 15
5287884.755836 0.000000 0.000000 4 4
5285129.785624 0.000000 0.000000 10 10
5004433.785596 0.000000 0.000000 14 14
5587078.034716 0.000000 0.000000 7 7
5412315.621920 0.000000 0.000000 12 12
4777790.326636 0.000000 0.000000 3 3
4761525.621508 0.000000 0.000000 16 16
4783241.398960 0.000000 0.000000 6 6
4962376.227924 0.000000 0.000000 13 13
0.000000 0.000000 3579150.000000 3 3
0.000000 0.000000 3619395.000000 0 0
0.000000 0.000000 3595221.000000 5 5
0.000000 0.000000 3603270.000000 4 4
0.000000 0.000000 3584503.000000 2 2
0.000000 0.000000 3611328.000000 1 1
0.000000 9429177.630892 0.000000 0 1
0.000000 0.000000 3584503.000000 7 7
0.000000 9387083.087892 0.000000 0 3
0.000000 0.000000 3619395.000000 11 11
0.000000 0.000000 3539130.000000 12 12
0.000000 0.000000 3654456.000000 14 14
0.000000 0.000000 3659865.000000 13 13
0.000000 9439701.266646 0.000000 0 0
0.000000 9408130.359392 0.000000 0 5
0.000000 9394098.845057 0.000000 0 2
0.000000 0.000000 3576475.000000 9 9
0.000000 0.000000 3579150.000000 18 18
0.000000 0.000000 3686970.000000 19 19
0.000000 0.000000 3608641.000000 16 16
0.000000 0.000000 3659865.000000 15 15
0.000000 9418653.995143 0.000000 0 4
0.000000 9523890.352619 0.000000 0 6
0.000000 0.000000 3512575.000000 10 10
0.000000 0.000000 3632860.000000 17 17
0.000000 0.000000 3684255.000000 6 6
0.000000 0.000000 3749691.000000 8 8
0.000000 9299386.123326 0.000000 0 10
0.000000 9383575.209307 0.000000 0 9
0.000000 9608079.438612 0.000000 0 8
0.000000 9394098.845057 0.000000 0 7
0.000000 9439701.266646 0.000000 0 11
0.000000 9492319.445372 0.000000 0 15
0.000000 9492319.445372 0.000000 0 13
0.000000 9334464.909160 0.000000 0 12
0.000000 9485303.688205 0.000000 0 14
0.000000 9425669.752309 0.000000 0 16
0.000000 8568801.271780 0.000000 1 13
0.000000 8394638.644310 0.000000 1 10
0.000000 8502302.814025 0.000000 1 4
0.000000 8492803.034343 0.000000 1 5
0.000000 8470636.881755 0.000000 1 9
0.000000 8521302.373381 0.000000 1 11
0.000000 8521302.373381 0.000000 1 0
0.000000 8597300.610825 0.000000 1 6
0.000000 8473803.474979 0.000000 1 3
0.000000 8562468.085324 0.000000 1 14
0.000000 8480136.661434 0.000000 1 2
0.000000 8480136.661434 0.000000 1 7
0.000000 8511802.593704 0.000000 1 1
0.000000 9527398.231202 0.000000 0 19
0.000000 8568801.271780 0.000000 1 15
0.000000 9387083.087892 0.000000 0 18
0.000000 9457240.659558 0.000000 0 17
0.000000 8426304.576582 0.000000 1 12
0.000000 8673298.848277 0.000000 1 8
0.000000 8473803.474979 0.000000 1 18
0.000000 8600467.204051 0.000000 1 19
0.000000 8537135.339519 0.000000 1 17
0.000000 8123873.947043 0.000000 2 0
0.000000 8508636.000478 0.000000 1 16
0.000000 8084628.179181 0.000000 2 7
0.000000 8096703.800061 0.000000 2 5
0.000000 8196327.672325 0.000000 2 6
0.000000 8114817.231383 0.000000 2 1
0.000000 8268781.397612 0.000000 2 8
0.000000 8084628.179181 0.000000 2 2
0.000000 8105760.515721 0.000000 2 4
0.000000 8078590.368742 0.000000 2 3
0.000000 8199346.577545 0.000000 2 19
0.000000 8169157.525345 0.000000 2 15
0.000000 8169157.525345 0.000000 2 13
0.000000 8033306.790442 0.000000 2 12
0.000000 8078590.368742 0.000000 2 18
0.000000 8111798.326162 0.000000 2 16
0.000000 8003117.738241 0.000000 2 10
0.000000 8163119.714905 0.000000 2 14
0.000000 8075571.463523 0.000000 2 9
0.000000 8273857.274617 0.000000 3 3
0.000000 8292408.524112 0.000000 3 5
0.000000 8280041.024448 0.000000 3 2
0.000000 8301684.148858 0.000000 3 4
0.000000 8310959.773604 0.000000 3 1
0.000000 8123873.947043 0.000000 2 11
0.000000 8138968.473142 0.000000 2 17
0.000000 8320235.398351 0.000000 3 0
0.000000 8227479.150882 0.000000 3 12
0.000000 8270765.399701 0.000000 3 9
0.000000 8280041.024448 0.000000 3 7
0.000000 8468645.394325 0.000000 3 8
0.000000 8320235.398351 0.000000 3 11
0.000000 8196560.401721 0.000000 3 10
0.000000 8394440.396331 0.000000 3 6
0.000000 8335694.772931 0.000000 3 17
0.000000 8366613.522089 0.000000 3 15
0.000000 8366613.522089 0.000000 3 13
0.000000 8360429.772258 0.000000 3 14
0.000000 8704059.134007 0.000000 4 3
0.000000 8830912.013775 0.000000 4 6
0.000000 8397532.271245 0.000000 3 19
0.000000 8710564.409889 0.000000 4 2
0.000000 8733332.875490 0.000000 4 4
0.000000 8723574.961660 0.000000 4 5
0.000000 8273857.274617 0.000000 3 18
0.000000 8307867.898689 0.000000 3 16
0.000000 8710564.409889 0.000000 4 7
0.000000 8908975.324383 0.000000 4 8
0.000000 8752848.703143 0.000000 4 0
0.000000 8743090.789316 0.000000 4 1
0.000000 8795132.996403 0.000000 4 14
0.000000 8655269.564863 0.000000 4 12
0.000000 8752848.703143 0.000000 4 11
0.000000 8739838.151375 0.000000 4 16
0.000000 8622743.185430 0.000000 4 10
0.000000 8801638.272285 0.000000 4 13
0.000000 8700806.496065 0.000000 4 9
0.000000 8769111.892857 0.000000 4 17
0.000000 8801638.272285 0.000000 4 15
0.000000 8433111.443839 0.000000 5 0
0.000000 8392371.775027 0.000000 5 2
0.000000 8834164.651715 0.000000 4 19
0.000000 8704059.134007 0.000000 4 18
0.000000 8423709.981806 0.000000 5 1
0.000000 8480118.754011 0.000000 5 15
0.000000 8339096.823504 0.000000 5 12
0.000000 8433111.443839 0.000000 5 11
0.000000 8404907.057740 0.000000 5 5
0.000000 8386104.133671 0.000000 5 3
0.000000 8414308.519775 0.000000 5 4
0.000000 8508323.140115 0.000000 5 6
0.000000 8448780.547229 0.000000 5 17
0.000000 8386104.133671 0.000000 5 18
0.000000 8473851.112656 0.000000 5 14
0.000000 8392371.775027 0.000000 5 7
0.000000 8511456.960793 0.000000 5 19
0.000000 8420576.161129 0.000000 5 16
0.000000 8583534.836399 0.000000 5 8
0.000000 8307758.616723 0.000000 5 10
0.000000 8480118.754011 0.000000 5 13
0.000000 8382970.312994 0.000000 5 9
0.000000 8324930.545990 0.000000 6 0
0.000000 8284713.490210 0.000000 6 7
0.000000 8284713.490210 0.000000 6 2
0.000000 8297087.968911 0.000000 6 5
0.000000 8306368.827936 0.000000 6 4
0.000000 8399177.418193 0.000000 6 6
0.000000 8278526.250860 0.000000 6 3
0.000000 8315649.686962 0.000000 6 1
0.000000 8312556.067286 0.000000 6 16
0.000000 8371334.841116 0.000000 6 15
0.000000 8365147.601766 0.000000 6 14
0.000000 8232121.955737 0.000000 6 12
0.000000 8371334.841116 0.000000 6 13
0.000000 8324930.545990 0.000000 6 11
0.000000 8201185.758982 0.000000 6 10
0.000000 8275432.631185 0.000000 6 9
0.000000 8473424.290405 0.000000 6 8
0.000000 8278526.250860 0.000000 6 18
0.000000 8402271.037869 0.000000 6 19
0.000000 8340398.644366 0.000000 6 17
0.000000 8987071.622434 0.000000 7 1
0.000000 8953637.576215 0.000000 7 7
0.000000 9157585.258142 0.000000 7 8
0.000000 8943607.362353 0.000000 7 9
0.000000 8967011.194701 0.000000 7 5
0.000000 8977041.408572 0.000000 7 4
0.000000 8997101.836298 0.000000 7 11
0.000000 8946950.766972 0.000000 7 3
0.000000 8997101.836298 0.000000 7 0
0.000000 8896799.697658 0.000000 7 12
0.000000 8863365.651438 0.000000 7 10
0.000000 9077343.547221 0.000000 7 6
0.000000 8953637.576215 0.000000 7 2
0.000000 9366997.989594 0.000000 8 0
0.000000 9013818.859410 0.000000 7 17
0.000000 8946950.766972 0.000000 7 18
0.000000 9047252.905624 0.000000 7 15
0.000000 9040566.096382 0.000000 7 14
0.000000 9047252.905624 0.000000 7 13
0.000000 8983728.217813 0.000000 7 16
0.000000 9080686.951842 0.000000 7 19
0.000000 9356555.405440 0.000000 8 1
0.000000 9227763.534160 0.000000 8 10
0.000000 9314785.068804 0.000000 8 3
0.000000 9346112.821285 0.000000 8 4
0.000000 9450538.662850 0.000000 8 6
0.000000 9311304.207420 0.000000 8 9
0.000000 9335670.237124 0.000000 8 5
0.000000 9534079.336100 0.000000 8 8
0.000000 9366997.989594 0.000000 8 11
0.000000 9321746.791575 0.000000 8 2
0.000000 9321746.791575 0.000000 8 7
0.000000 8125068.619628 0.000000 9 0
0.000000 8116010.572114 0.000000 9 1
0.000000 8079778.382060 0.000000 9 3
0.000000 8106952.524602 0.000000 9 4
0.000000 9314785.068804 0.000000 8 18
0.000000 9454019.524235 0.000000 8 19
0.000000 9384402.296522 0.000000 8 17
0.000000 8085817.080403 0.000000 9 2
0.000000 9353074.544056 0.000000 8 16
0.000000 9412249.187611 0.000000 8 14
0.000000 9262572.148021 0.000000 8 12
0.000000 9419210.910383 0.000000 8 15
0.000000 9419210.910383 0.000000 8 13
0.000000 8170358.857196 0.000000 9 13
0.000000 8097894.477089 0.000000 9 5
0.000000 8164320.158854 0.000000 9 14
0.000000 8034488.144490 0.000000 9 12
0.000000 8197532.999734 0.000000 9 6
0.000000 8085817.080403 0.000000 9 7
0.000000 8076759.032889 0.000000 9 9
0.000000 8269997.379851 0.000000 9 8
0.000000 8004294.652777 0.000000 9 10
0.000000 8125068.619628 0.000000 9 11
0.000000 8200552.348905 0.000000 9 19
0.000000 8140165.365483 0.000000 9 17
0.000000 8112991.222943 0.000000 9 16
0.000000 8170358.857196 0.000000 9 15
0.000000 8079778.382060 0.000000 9 18
0.000000 8708380.548116 0.000000 10 2
0.000000 8731143.305330 0.000000 10 4
0.000000 8708380.548116 0.000000 10 7
0.000000 8828697.979122 0.000000 10 6
0.000000 8906741.718174 0.000000 10 8
0.000000 8698625.080734 0.000000 10 9
0.000000 8740898.772709 0.000000 10 1
0.000000 8721387.837952 0.000000 10 5
0.000000 8701876.903195 0.000000 10 3
0.000000 8750654.240091 0.000000 10 0
0.000000 8766913.352386 0.000000 10 17
0.000000 8737646.950248 0.000000 10 16
0.000000 8620581.341691 0.000000 10 10
0.000000 8799431.576984 0.000000 10 15
0.000000 8792927.932062 0.000000 10 14
0.000000 8653099.566289 0.000000 10 12
0.000000 8799431.576984 0.000000 10 13
0.000000 8750654.240091 0.000000 10 11
0.000000 8701876.903195 0.000000 10 18
0.000000 8186659.374037 0.000000 11 2
0.000000 8299768.558815 0.000000 11 6
0.000000 8177488.359055 0.000000 11 9
0.000000 8831949.801583 0.000000 10 19
0.000000 8208058.408997 0.000000 11 4
0.000000 8180545.364049 0.000000 11 3
0.000000 8104120.239199 0.000000 11 10
0.000000 8266141.503883 0.000000 11 14
0.000000 8226400.438961 0.000000 11 11
0.000000 8217229.423979 0.000000 11 1
0.000000 8198887.394014 0.000000 11 5
0.000000 8186659.374037 0.000000 11 7
0.000000 8272255.513869 0.000000 11 13
0.000000 8134690.289141 0.000000 11 12
0.000000 8373136.678677 0.000000 11 8
0.000000 8226400.438961 0.000000 11 0
0.000000 8302825.563808 0.000000 11 19
0.000000 8180545.364049 0.000000 11 18
0.000000 8812691.558656 0.000000 12 2
0.000000 8241685.463932 0.000000 11 17
0.000000 8214172.418985 0.000000 11 16
0.000000 8855471.614764 0.000000 12 0
0.000000 8845599.294121 0.000000 12 1
0.000000 8272255.513869 0.000000 11 15
0.000000 8806110.011565 0.000000 12 3
0.000000 8835726.973481 0.000000 12 4
0.000000 8825854.652837 0.000000 12 5
0.000000 8812691.558656 0.000000 12 7
0.000000 8934450.179892 0.000000 12 6
0.000000 8723840.672882 0.000000 12 10
0.000000 8802819.238019 0.000000 12 9
0.000000 8756748.408354 0.000000 12 12
0.000000 9013428.745014 0.000000 12 8
0.000000 8855471.614764 0.000000 12 11
0.000000 8438471.788062 0.000000 13 2
0.000000 8479435.243346 0.000000 13 0
0.000000 8460529.033217 0.000000 13 4
0.000000 8451075.928152 0.000000 13 5
0.000000 8842308.520576 0.000000 12 16
0.000000 8904833.217972 0.000000 12 13
0.000000 8432169.718017 0.000000 13 3
0.000000 8555060.083845 0.000000 13 6
0.000000 8438471.788062 0.000000 13 7
0.000000 8904833.217972 0.000000 12 15
0.000000 8871925.482502 0.000000 12 17
0.000000 8469982.138284 0.000000 13 1
0.000000 8806110.011565 0.000000 12 18
0.000000 8937740.953439 0.000000 12 19
0.000000 8898251.670881 0.000000 12 14
0.000000 8520398.698608 0.000000 13 14
0.000000 8526700.768648 0.000000 13 15
0.000000 8495190.418448 0.000000 13 17
0.000000 8429018.682996 0.000000 13 9
0.000000 8466831.103263 0.000000 13 16
0.000000 8479435.243346 0.000000 13 11
0.000000 8526700.768648 0.000000 13 13
0.000000 8630684.924366 0.000000 13 8
0.000000 8384904.192695 0.000000 13 12
0.000000 8353393.842478 0.000000 13 10
0.000000 8505795.504913 0.000000 14 1
0.000000 8515288.580256 0.000000 14 0
0.000000 8486809.354235 0.000000 14 5
0.000000 8591233.182961 0.000000 14 6
0.000000 8558211.118870 0.000000 13 19
0.000000 8467823.203551 0.000000 14 3
0.000000 8496302.429572 0.000000 14 4
0.000000 8474151.920443 0.000000 14 2
0.000000 8432169.718017 0.000000 13 18
0.000000 8388714.242379 0.000000 14 10
0.000000 8420357.826847 0.000000 14 12
0.000000 8464658.845102 0.000000 14 9
0.000000 8502631.146465 0.000000 14 16
0.000000 8531110.372488 0.000000 14 17
0.000000 8299471.959549 0.000000 15 0
0.000000 8474151.920443 0.000000 14 7
0.000000 8562753.956951 0.000000 14 15
0.000000 8594397.541408 0.000000 14 19
0.000000 8556425.240058 0.000000 14 14
0.000000 8467823.203551 0.000000 14 18
0.000000 8515288.580256 0.000000 14 11
0.000000 8290219.482451 0.000000 15 1
0.000000 8259377.892117 0.000000 15 2
0.000000 8667177.785688 0.000000 14 8
0.000000 8562753.956951 0.000000 14 13
0.000000 8259377.892117 0.000000 15 7
0.000000 8447511.593171 0.000000 15 8
0.000000 8253209.574050 0.000000 15 3
0.000000 8280967.005351 0.000000 15 4
0.000000 8271714.528250 0.000000 15 5
0.000000 8299471.959549 0.000000 15 11
0.000000 8373491.776356 0.000000 15 6
0.000000 8176105.598209 0.000000 15 10
0.000000 8250125.415017 0.000000 15 9
0.000000 8345734.345054 0.000000 15 13
0.000000 8206947.188546 0.000000 15 12
0.000000 8339566.026987 0.000000 15 14
0.000000 8296775.539683 0.000000 16 1
0.000000 8287515.745553 0.000000 16 4
0.000000 8293688.941640 0.000000 16 16
0.000000 8287135.323417 0.000000 15 16
0.000000 8253209.574050 0.000000 15 18
0.000000 8352334.304458 0.000000 16 13
0.000000 8182571.412090 0.000000 16 10
0.000000 8265909.559253 0.000000 16 2
0.000000 8346161.108372 0.000000 16 14
0.000000 8376575.935390 0.000000 15 19
0.000000 8213437.392521 0.000000 16 12
0.000000 8345734.345054 0.000000 15 15
0.000000 8314892.754716 0.000000 15 17
0.000000 8454192.039866 0.000000 16 8
0.000000 8259736.363167 0.000000 16 3
0.000000 8278255.951424 0.000000 16 5
0.000000 8380113.686842 0.000000 16 6
0.000000 8265909.559253 0.000000 16 7
0.000000 8256649.765123 0.000000 16 9
0.000000 8306035.333811 0.000000 16 11
0.000000 8306035.333811 0.000000 16 0
0.000000 8352334.304458 0.000000 16 15
0.000000 8259736.363167 0.000000 16 18
0.000000 8321468.324028 0.000000 16 17
0.000000 8383200.284885 0.000000 16 19
0.000000 7971509.692715 0.000000 17 1
0.000000 7935922.595869 0.000000 17 3
0.000000 8051580.660604 0.000000 17 6
0.000000 7932957.004466 0.000000 17 9
0.000000 8024890.337975 0.000000 17 13
0.000000 8565510.575482 0.000000 18 1
0.000000 7941853.778677 0.000000 17 7
0.000000 7962612.918503 0.000000 17 4
0.000000 7953716.144293 0.000000 17 5
0.000000 7891438.724816 0.000000 17 12
0.000000 7968544.101311 0.000000 17 16
0.000000 8533644.836737 0.000000 18 2
0.000000 7941853.778677 0.000000 17 2
0.000000 8575070.297106 0.000000 18 0
0.000000 8527271.688987 0.000000 18 3
0.000000 7861782.810779 0.000000 17 10
0.000000 8018959.155167 0.000000 17 14
0.000000 8122754.854286 0.000000 17 8
0.000000 7980406.466924 0.000000 17 0
0.000000 7980406.466924 0.000000 17 11
0.000000 8024890.337975 0.000000 17 15
0.000000 7935922.595869 0.000000 17 18
0.000000 7995234.423941 0.000000 17 17
0.000000 8054546.252007 0.000000 17 19
0.000000 8555950.853856 0.000000 18 4
0.000000 8651985.874935 0.000000 19 5
0.000000 8661663.711487 0.000000 19 4
0.000000 8447607.342116 0.000000 18 10
0.000000 8654734.643986 0.000000 18 19
0.000000 8562324.001607 0.000000 18 16
0.000000 8632630.201837 0.000000 19 3
0.000000 8524085.115113 0.000000 18 9
0.000000 8591003.166479 0.000000 18 17
0.000000 8639082.092868 0.000000 19 2
0.000000 8622868.905233 0.000000 18 15
0.000000 8527271.688987 0.000000 18 18
0.000000 8671341.548037 0.000000 19 1
0.000000 8728025.843127 0.000000 18 8
0.000000 8546391.132235 0.000000 18 5
0.000000 8651548.070110 0.000000 18 6
0.000000 8616495.757483 0.000000 18 14
0.000000 8533644.836737 0.000000 18 7
0.000000 8629404.256322 0.000000 19 9
0.000000 8575070.297106 0.000000 18 11
0.000000 8681019.384587 0.000000 19 0
0.000000 8758442.076976 0.000000 19 6
0.000000 8835864.769379 0.000000 19 8
0.000000 8622868.905233 0.000000 18 13
0.000000 8479473.080874 0.000000 18 12
0.000000 8639082.092868 0.000000 19 7
0.000000 8584241.019097 0.000000 19 12
0.000000 8681019.384587 0.000000 19 11
0.000000 8551981.563929 0.000000 19 10
0.000000 8729408.567328 0.000000 19 13
0.000000 0.000000 7133841.000000 0 10
0.000000 0.000000 7370649.000000 0 8
0.000000 0.000000 7276464.000000 0 14
0.000000 0.000000 7160751.000000 0 12
0.000000 0.000000 7281846.000000 0 13
0.000000 0.000000 7198425.000000 0 9
0.000000 0.000000 7225335.000000 0 4
0.000000 0.000000 7217262.000000 0 5
0.000000 8632630.201837 0.000000 19 18
0.000000 0.000000 7306065.000000 0 6
0.000000 8729408.567328 0.000000 19 15
0.000000 0.000000 7201116.000000 0 3
0.000000 0.000000 7281846.000000 0 15
0.000000 8761668.022493 0.000000 19 19
0.000000 8722956.676297 0.000000 19 14
0.000000 8668115.602519 0.000000 19 16
0.000000 0.000000 7206498.000000 0 2
0.000000 8697149.112169 0.000000 19 17
0.000000 0.000000 7233408.000000 0 1
0.000000 0.000000 7241481.000000 0 11
0.000000 0.000000 7206498.000000 0 7
0.000000 0.000000 7201116.000000 0 18
0.000000 0.000000 7230717.000000 0 16
0.000000 0.000000 7308756.000000 0 19
0.000000 0.000000 7254936.000000 0 17
0.000000 0.000000 7190400.000000 1 9
0.000000 0.000000 7198464.000000 1 7
0.000000 0.000000 7362432.000000 1 8
0.000000 0.000000 7209216.000000 1 5
0.000000 0.000000 7217280.000000 1 4
0.000000 0.000000 7125888.000000 1 10
0.000000 0.000000 7193088.000000 1 3
0.000000 0.000000 7198464.000000 1 2
0.000000 0.000000 7233408.000000 1 11
0.000000 0.000000 7297920.000000 1 6
0.000000 0.000000 7273728.000000 1 15
0.000000 0.000000 7268352.000000 1 14
0.000000 0.000000 7246848.000000 1 17
0.000000 0.000000 7182396.000000 2 5
0.000000 0.000000 7166328.000000 2 3
0.000000 0.000000 7300608.000000 1 19
0.000000 0.000000 7152768.000000 1 12
0.000000 0.000000 7193088.000000 1 18
0.000000 0.000000 7163650.000000 2 9
0.000000 0.000000 7190430.000000 2 4
0.000000 0.000000 7222656.000000 1 16
0.000000 0.000000 7335042.000000 2 8
0.000000 0.000000 7171684.000000 2 7
0.000000 0.000000 7273728.000000 1 13
0.000000 0.000000 7270770.000000 2 6
0.000000 0.000000 7246668.000000 2 15
0.000000 0.000000 7195786.000000 2 16
0.000000 0.000000 7126158.000000 2 12
0.000000 0.000000 7246668.000000 2 13
0.000000 0.000000 7206498.000000 2 11
0.000000 0.000000 7241312.000000 2 14
0.000000 0.000000 7099378.000000 2 10
0.000000 0.000000 7219888.000000 2 17
0.000000 0.000000 7166328.000000 2 18
0.000000 0.000000 7158300.000000 3 9
0.000000 0.000000 7177032.000000 3 5
0.000000 0.000000 7185060.000000 3 4
0.000000 0.000000 7329564.000000 3 8
0.000000 0.000000 7265340.000000 3 6
0.000000 0.000000 7273448.000000 2 19
0.000000 0.000000 7166328.000000 3 7
0.000000 0.000000 7190412.000000 3 16
0.000000 0.000000 7214496.000000 3 17
0.000000 0.000000 7190430.000000 4 7
0.000000 0.000000 7201170.000000 4 5
0.000000 0.000000 7182375.000000 4 9
0.000000 0.000000 7120836.000000 3 12
0.000000 0.000000 7201116.000000 3 11
0.000000 0.000000 7241256.000000 3 15
0.000000 0.000000 7241256.000000 3 13
0.000000 0.000000 7235904.000000 3 14
0.000000 0.000000 7268016.000000 3 19
0.000000 0.000000 7289775.000000 4 6
0.000000 0.000000 7117935.000000 4 10
0.000000 0.000000 7160976.000000 3 18
0.000000 0.000000 7094076.000000 3 10
0.000000 0.000000 7354215.000000 4 8
0.000000 0.000000 7225335.000000 4 11
0.000000 0.000000 7265610.000000 4 15
0.000000 0.000000 7260240.000000 4 14
0.000000 0.000000 7214595.000000 4 16
0.000000 0.000000 7238760.000000 4 17
0.000000 0.000000 7265610.000000 4 13
0.000000 0.000000 7144785.000000 4 12
0.000000 0.000000 7185060.000000 4 18
0.000000 0.000000 7292460.000000 4 19
0.000000 0.000000 7109982.000000 5 10
0.000000 0.000000 7217262.000000 5 11
0.000000 0.000000 7281630.000000 5 6
0.000000 0.000000 7174350.000000 5 9
0.000000 0.000000 7345998.000000 5 8
0.000000 0.000000 7182396.000000 5 7
0.000000 0.000000 7206534.000000 5 16
0.000000 0.000000 7295205.000000 6 16
0.000000 0.000000 7346790.000000 6 15
0.000000 0.000000 7177032.000000 5 18
0.000000 0.000000 7224615.000000 6 12
0.000000 0.000000 7230672.000000 5 17
0.000000 0.000000 7136802.000000 5 12
0.000000 0.000000 7252128.000000 5 14
0.000000 0.000000 7197465.000000 6 10
0.000000 0.000000 7306065.000000 6 11
0.000000 0.000000 7257492.000000 5 13
0.000000 0.000000 7270770.000000 6 7
0.000000 0.000000 7262625.000000 6 9
0.000000 0.000000 7346790.000000 6 13
0.000000 0.000000 7284312.000000 5 19
0.000000 0.000000 7257492.000000 5 15
0.000000 0.000000 7436385.000000 6 8
0.000000 0.000000 7341360.000000 6 14
0.000000 0.000000 7265340.000000 6 18
0.000000 0.000000 7373940.000000 6 19
0.000000 0.000000 7163650.000000 7 9
0.000000 0.000000 7099378.000000 7 10
0.000000 0.000000 7206498.000000 7 11
0.000000 0.000000 7319640.000000 6 17
0.000000 0.000000 7335042.000000 7 8
0.000000 0.000000 7384344.000000 8 17
0.000000 0.000000 7219888.000000 7 17
0.000000 0.000000 7359693.000000 8 16
0.000000 0.000000 7126158.000000 7 12
0.000000 0.000000 7241312.000000 7 14
0.000000 0.000000 7288479.000000 8 12
0.000000 0.000000 7246668.000000 7 15
0.000000 0.000000 7370649.000000 8 11
0.000000 0.000000 7273448.000000 7 19
0.000000 0.000000 7261089.000000 8 10
0.000000 0.000000 7329564.000000 8 18
0.000000 0.000000 7406256.000000 8 14
0.000000 0.000000 7195786.000000 7 16
0.000000 0.000000 7166328.000000 7 18
0.000000 0.000000 7246668.000000 7 13
0.000000 0.000000 7326825.000000 8 9
0.000000 0.000000 7411734.000000 8 13
0.000000 0.000000 7411734.000000 8 15
0.000000 0.000000 7211800.000000 9 17
0.000000 0.000000 7439124.000000 8 19
0.000000 0.000000 7233200.000000 9 14
0.000000 0.000000 7238550.000000 9 15
0.000000 0.000000 7187725.000000 9 16
0.000000 0.000000 7091425.000000 9 10
0.000000 0.000000 7118175.000000 9 12
0.000000 0.000000 7238550.000000 9 13
0.000000 0.000000 7198425.000000 9 11
0.000000 0.000000 7147096.000000 10 17
0.000000 0.000000 7133841.000000 10 11
0.000000 0.000000 7094076.000000 10 18
0.000000 0.000000 7265300.000000 9 19
0.000000 0.000000 7200116.000000 10 19
0.000000 0.000000 7230717.000000 11 16
0.000000 0.000000 7123237.000000 10 16
0.000000 0.000000 7281846.000000 11 13
0.000000 0.000000 7054311.000000 10 12
0.000000 0.000000 7173606.000000 10 15
0.000000 0.000000 7160751.000000 11 12
0.000000 0.000000 7168304.000000 10 14
0.000000 0.000000 7276464.000000 11 14
0.000000 0.000000 7281846.000000 11 15
0.000000 0.000000 7173606.000000 10 13
0.000000 0.000000 7158300.000000 9 18
0.000000 0.000000 7308756.000000 11 19
0.000000 0.000000 7201116.000000 11 18
0.000000 0.000000 7120836.000000 12 18
0.000000 0.000000 7254936.000000 11 17
0.000000 0.000000 7150107.000000 12 16
0.000000 0.000000 7200666.000000 12 15
0.000000 0.000000 7195344.000000 12 14
0.000000 0.000000 7200666.000000 12 13
0.000000 0.000000 7174056.000000 12 17
0.000000 0.000000 7322436.000000 13 15
0.000000 0.000000 7317024.000000 13 14
0.000000 0.000000 7227276.000000 12 19
10845921.798041 0.000000 0.000000 0 3
11108024.561145 0.000000 0.000000 0 1
0.000000 0.000000 7344064.000000 14 19
0.000000 0.000000 7241256.000000 13 18
0.000000 0.000000 7271022.000000 13 16
0.000000 0.000000 7265648.000000 14 16
0.000000 0.000000 7190412.000000 16 18
0.000000 0.000000 7317024.000000 14 15
0.000000 0.000000 7349496.000000 13 19
0.000000 0.000000 7289984.000000 14 17
10589952.965147 0.000000 0.000000 0 2
0.000000 0.000000 7214496.000000 17 18
0.000000 0.000000 7349496.000000 15 19
0.000000 0.000000 7295376.000000 13 17
0.000000 0.000000 7241256.000000 15 18
0.000000 0.000000 7271022.000000 15 16
0.000000 0.000000 7235904.000000 14 18
0.000000 0.000000 7244152.000000 16 17
0.000000 0.000000 7322336.000000 17 19
0.000000 0.000000 7268016.000000 18 19
0.000000 0.000000 7295376.000000 15 17
0.000000 0.000000 7297892.000000 16 19
10852042.202387 0.000000 0.000000 0 6
10993062.438218 0.000000 0.000000 0 5
11409858.976345 0.000000 0.000000 0 4
10723602.346408 0.000000 0.000000 0 11
11543634.046476 0.000000 0.000000 0 12
11053448.266561 0.000000 0.000000 0 13
10591510.291951 0.000000 0.000000 0 9
11728257.465501 0.000000 0.000000 0 7
12210439.105886 0.000000 0.000000 0 8
11406998.363200 0.000000 0.000000 0 10
9680291.308420 0.000000 0.000000 1 11
9559644.822099 0.000000 0.000000 1 2
10827411.169251 0.000000 0.000000 0 16
9790710.166397 0.000000 0.000000 1 3
10818855.420424 0.000000 0.000000 0 15
11316225.186531 0.000000 0.000000 0 19
10402934.570134 0.000000 0.000000 0 17
11100185.224074 0.000000 0.000000 0 14
9923535.332253 0.000000 0.000000 1 5
11178114.248279 0.000000 0.000000 0 18
9561050.634869 0.000000 0.000000 1 9
11022472.088242 0.000000 0.000000 1 8
10587202.428691 0.000000 0.000000 1 7
10299781.277886 0.000000 0.000000 1 4
10297198.976931 0.000000 0.000000 1 10
9796235.109890 0.000000 0.000000 1 6
10020236.024740 0.000000 0.000000 1 14
9978046.157100 0.000000 0.000000 1 13
10215257.222215 0.000000 0.000000 1 19
9390821.651929 0.000000 0.000000 1 17
9766277.106356 0.000000 0.000000 1 15
10090583.248677 0.000000 0.000000 1 18
9774000.456991 0.000000 0.000000 1 16
10420541.224669 0.000000 0.000000 1 12
9115128.973950 0.000000 0.000000 2 9
9334077.322820 0.000000 0.000000 2 3
9339344.586265 0.000000 0.000000 2 6
9816943.799340 0.000000 0.000000 2 10
9460707.602694 0.000000 0.000000 2 5
10508390.608214 0.000000 0.000000 2 8
10093421.664236 0.000000 0.000000 2 7
9819405.663328 0.000000 0.000000 2 4
9335449.964309 0.000000 0.000000 3 9
9552898.232945 0.000000 0.000000 2 14
9451877.058376 0.000000 0.000000 3 11
9619964.504595 0.000000 0.000000 2 18
9689381.544057 0.000000 0.000000 3 5
9310783.806031 0.000000 0.000000 2 15
9228808.334083 0.000000 0.000000 2 11
9934533.438701 0.000000 0.000000 2 12
10054228.294858 0.000000 0.000000 3 10
9318146.944231 0.000000 0.000000 2 16
8952839.368565 0.000000 0.000000 2 17
9512676.075400 0.000000 0.000000 2 13
9738823.758865 0.000000 0.000000 2 19
9565085.072707 0.000000 0.000000 3 6
10337388.882201 0.000000 0.000000 3 7
10762388.004463 0.000000 0.000000 3 8
10056749.664347 0.000000 0.000000 3 4
9169237.670975 0.000000 0.000000 3 17
9742606.142203 0.000000 0.000000 3 13
9783800.506022 0.000000 0.000000 3 14
9535833.952334 0.000000 0.000000 3 15
10174660.183174 0.000000 0.000000 3 12
9543375.064307 0.000000 0.000000 3 16
9974220.021672 0.000000 0.000000 3 19
9852487.830699 0.000000 0.000000 3 18
9820849.675750 0.000000 0.000000 4 9
9943330.433870 0.000000 0.000000 4 11
10249176.069541 0.000000 0.000000 4 13
10062424.735170 0.000000 0.000000 4 6
10193184.041367 0.000000 0.000000 4 5
10703694.898779 0.000000 0.000000 4 12
10577001.115852 0.000000 0.000000 4 10
10874884.728641 0.000000 0.000000 4 7
11321981.816413 0.000000 0.000000 4 8
9462098.866050 0.000000 0.000000 5 9
9694849.307336 0.000000 0.000000 5 6
10292512.347504 0.000000 0.000000 4 14
9580105.462302 0.000000 0.000000 5 11
10364771.091631 0.000000 0.000000 4 18
9665201.353142 0.000000 0.000000 5 15
10908395.387729 0.000000 0.000000 5 8
10477630.536736 0.000000 0.000000 5 7
10039585.907928 0.000000 0.000000 4 16
10031652.693422 0.000000 0.000000 4 15
9874778.707288 0.000000 0.000000 5 13
10190628.465849 0.000000 0.000000 5 10
9916531.932324 0.000000 0.000000 5 14
10312694.187184 0.000000 0.000000 5 12
10492832.786872 0.000000 0.000000 4 19
9645995.120980 0.000000 0.000000 4 17
9293631.662188 0.000000 0.000000 5 17
10109534.764543 0.000000 0.000000 5 19
9672844.771222 0.000000 0.000000 5 16
9986151.100058 0.000000 0.000000 5 18
10768461.270299 0.000000 0.000000 6 8
10343222.319046 0.000000 0.000000 6 7
11637928.044324 0.000000 0.000000 7 8
9789321.550360 0.000000 0.000000 6 14
10220804.624733 0.000000 0.000000 7 11
9548760.435442 0.000000 0.000000 6 16
9457210.796764 0.000000 0.000000 6 11
10535185.053737 0.000000 0.000000 7 13
10579730.654747 0.000000 0.000000 7 14
9541215.067986 0.000000 0.000000 6 15
9748103.940368 0.000000 0.000000 6 13
9979848.520634 0.000000 0.000000 6 19
9174411.914634 0.000000 0.000000 6 17
9915172.003822 0.000000 0.000000 7 17
10785641.147890 0.000000 0.000000 7 19
10872158.241111 0.000000 0.000000 7 10
9340718.002342 0.000000 0.000000 6 9
10180401.791454 0.000000 0.000000 6 12
10509935.940698 0.000000 0.000000 8 9
10094905.972631 0.000000 0.000000 7 9
10641010.640376 0.000000 0.000000 8 11
9858047.635615 0.000000 0.000000 6 18
10059901.942861 0.000000 0.000000 6 10
10311591.566283 0.000000 0.000000 7 15
11002387.484834 0.000000 0.000000 7 12
10654005.819499 0.000000 0.000000 7 18
10319746.161570 0.000000 0.000000 7 16
11319143.235313 0.000000 0.000000 8 10
10322812.603079 0.000000 0.000000 8 17
9643576.733468 0.000000 0.000000 10 17
9740255.921152 0.000000 0.000000 9 19
10246606.456028 0.000000 0.000000 10 13
9935994.381470 0.000000 0.000000 9 12
9940837.500188 0.000000 0.000000 10 11
9818387.449728 0.000000 0.000000 9 10
11229069.181131 0.000000 0.000000 8 19
10289931.868975 0.000000 0.000000 10 14
10037068.841637 0.000000 0.000000 10 16
11454726.569406 0.000000 0.000000 8 12
9312153.022044 0.000000 0.000000 9 15
11092021.954274 0.000000 0.000000 8 18
9514074.981085 0.000000 0.000000 9 13
10735530.088354 0.000000 0.000000 8 15
8954155.946339 0.000000 0.000000 9 17
9554303.053581 0.000000 0.000000 9 14
9230165.495028 0.000000 0.000000 9 11
10744019.941981 0.000000 0.000000 8 16
9319517.243042 0.000000 0.000000 9 16
10968316.132749 0.000000 0.000000 8 13
9621379.187797 0.000000 0.000000 9 18
11014693.128665 0.000000 0.000000 8 14
10701011.330964 0.000000 0.000000 10 12
10029137.616100 0.000000 0.000000 10 15
9632729.797621 0.000000 0.000000 11 13
10059911.167156 0.000000 0.000000 11 12
10490202.085173 0.000000 0.000000 10 19
10362172.496809 0.000000 0.000000 10 18
9065827.730844 0.000000 0.000000 11 17
9861731.554005 0.000000 0.000000 11 19
9741372.249089 0.000000 0.000000 11 18
9428289.568222 0.000000 0.000000 11 15
10157295.190025 0.000000 0.000000 12 16
9767102.589265 0.000000 0.000000 14 16
10486293.012504 0.000000 0.000000 12 18
9344682.372522 0.000000 0.000000 13 17
9673459.574650 0.000000 0.000000 11 14
9759089.741734 0.000000 0.000000 12 17
9435745.632126 0.000000 0.000000 11 16
9718293.127439 0.000000 0.000000 13 15
9971004.286901 0.000000 0.000000 13 14
9725978.531464 0.000000 0.000000 13 16
10041005.878652 0.000000 0.000000 13 18
10165067.300113 0.000000 0.000000 13 19
10149268.962421 0.000000 0.000000 12 15
9759384.689280 0.000000 0.000000 14 15
10413187.069600 0.000000 0.000000 12 14
10369342.694769 0.000000 0.000000 12 13
10615856.169093 0.000000 0.000000 12 19
9384194.207428 0.000000 0.000000 14 17
10083461.956958 0.000000 0.000000 14 18
10208047.943537 0.000000 0.000000 14 19
9827900.602331 0.000000 0.000000 15 18
9835672.685956 0.000000 0.000000 16 18
9153588.622605 0.000000 0.000000 16 17
9146355.517306 0.000000 0.000000 15 17
9450076.089826 0.000000 0.000000 17 18
9519559.237672 0.000000 0.000000 15 16
9949329.006363 0.000000 0.000000 15 19
9566836.291621 0.000000 0.000000 17 19
9957197.117788 0.000000 0.000000 16 19
10279713.703991 0.000000 0.000000 18 19
