4.0 16.5039140418 0.5119645594280778
12.0 40.413277751 1.9864938498280567
20.0 48.5779519029 5.329457928122787
28.0 48.016619299 7.578556836451002
36.0 46.7894150181 7.902934713352946
44.0 42.3585574427 14.209341563047174
52.0 60.2312217599 15.037101155593856
60.0 51.9680468333 15.887343713889914
68.0 76.3624530125 20.80764386511053
76.0 80.4965496089 21.606452869138973
84.0 60.3039045277 22.436672516341055
92.0 52.4837288635 27.595637155921402
100.0 59.3213104109 21.07574759059391
108.0 62.3291585523 24.094588234641183
116.0 24.0555080163 19.583494187116187
124.0 67.8687473072 35.38423315234675
132.0 63.1843706527 37.84142214056561
140.0 106.006603172 38.41290448926685
148.0 51.6013234261 47.826880709566844
156.0 91.8565411953 54.64571123781555
164.0 71.9765696428 51.15398930895545
172.0 98.9812170872 49.80009160266007
180.0 134.256247954 52.02228620390005
188.0 156.25244263 63.96439692300944
196.0 137.637047653 80.49294125388158
204.0 142.823650804 87.3026466771729
212.0 148.559096384 95.07839493998476
220.0 40.1565177607 91.66560701639465
228.0 38.9897610435 65.24264943102057
236.0 50.5728309478 83.0188327268372
244.0 -33.6331845842 101.78250667593038
